T, k1=0.100000 k2=0.100000 A10=0.500000 A20=0.500000 C10=0.010000 C20=0.010000 , 0, 0, Hf1, Hf2, Hf 
0.0, 0.005000, 0.005000, 0.500000, 0.500000, 0.010000, 0.010000, 0.050000, 0.500000, 0.550000
0.1, 0.005245, 0.005245, 0.499500, 0.499500, 0.010500, 0.010500, 0.052448, 0.524475, 0.576923
0.2, 0.005501, 0.005501, 0.498976, 0.498976, 0.011024, 0.011024, 0.055009, 0.550094, 0.605104
0.3, 0.005769, 0.005769, 0.498425, 0.498425, 0.011575, 0.011575, 0.057691, 0.576906, 0.634597
0.4, 0.006050, 0.006050, 0.497849, 0.497849, 0.012151, 0.012151, 0.060496, 0.604959, 0.665455
0.5, 0.006343, 0.006343, 0.497244, 0.497244, 0.012756, 0.012756, 0.063431, 0.634306, 0.697736
0.6, 0.006650, 0.006650, 0.496609, 0.496609, 0.013391, 0.013391, 0.066500, 0.664997, 0.731496
0.7, 0.006971, 0.006971, 0.495944, 0.495944, 0.014056, 0.014056, 0.069709, 0.697086, 0.766795
0.8, 0.007306, 0.007306, 0.495247, 0.495247, 0.014753, 0.014753, 0.073063, 0.730629, 0.803692
0.9, 0.007657, 0.007657, 0.494517, 0.494517, 0.015483, 0.015483, 0.076568, 0.765682, 0.842251
1.0, 0.008023, 0.008023, 0.493751, 0.493751, 0.016249, 0.016249, 0.080230, 0.802302, 0.882533
1.1, 0.008405, 0.008405, 0.492949, 0.492949, 0.017051, 0.017051, 0.084055, 0.840548, 0.924603
1.2, 0.008805, 0.008805, 0.492108, 0.492108, 0.017892, 0.017892, 0.088048, 0.880479, 0.968527
1.3, 0.009222, 0.009222, 0.491228, 0.491228, 0.018772, 0.018772, 0.092216, 0.922155, 1.014371
1.4, 0.009656, 0.009656, 0.490305, 0.490305, 0.019695, 0.019695, 0.096564, 0.965638, 1.062202
1.5, 0.010110, 0.010110, 0.489340, 0.489340, 0.020660, 0.020660, 0.101099, 1.010988, 1.112087
1.6, 0.010583, 0.010583, 0.488329, 0.488329, 0.021671, 0.021671, 0.105827, 1.058269, 1.164096
1.7, 0.011075, 0.011075, 0.487270, 0.487270, 0.022730, 0.022730, 0.110754, 1.107542, 1.218296
1.8, 0.011589, 0.011589, 0.486163, 0.486163, 0.023837, 0.023837, 0.115887, 1.158869, 1.274756
1.9, 0.012123, 0.012123, 0.485004, 0.485004, 0.024996, 0.024996, 0.121231, 1.212313, 1.333544
2.0, 0.012679, 0.012679, 0.483792, 0.483792, 0.026208, 0.026208, 0.126793, 1.267933, 1.394726
2.1, 0.013258, 0.013258, 0.482524, 0.482524, 0.027476, 0.027476, 0.132579, 1.325791, 1.458370
2.2, 0.013859, 0.013859, 0.481198, 0.481198, 0.028802, 0.028802, 0.138594, 1.385945, 1.524539
2.3, 0.014485, 0.014485, 0.479812, 0.479812, 0.030188, 0.030188, 0.144845, 1.448452, 1.593298
2.4, 0.015134, 0.015134, 0.478364, 0.478364, 0.031636, 0.031636, 0.151337, 1.513368, 1.664705
2.5, 0.015807, 0.015807, 0.476850, 0.476850, 0.033150, 0.033150, 0.158075, 1.580746, 1.738820
2.6, 0.016506, 0.016506, 0.475270, 0.475270, 0.034730, 0.034730, 0.165063, 1.650634, 1.815697
2.7, 0.017231, 0.017231, 0.473619, 0.473619, 0.036381, 0.036381, 0.172308, 1.723078, 1.895386
2.8, 0.017981, 0.017981, 0.471896, 0.471896, 0.038104, 0.038104, 0.179812, 1.798121, 1.977933
2.9, 0.018758, 0.018758, 0.470098, 0.470098, 0.039902, 0.039902, 0.187580, 1.875798, 2.063378
3.0, 0.019561, 0.019561, 0.468222, 0.468222, 0.041778, 0.041778, 0.195614, 1.956142, 2.151757
3.1, 0.020392, 0.020392, 0.466266, 0.466266, 0.043734, 0.043734, 0.203918, 2.039178, 2.243096
3.2, 0.021249, 0.021249, 0.464227, 0.464227, 0.045773, 0.045773, 0.212492, 2.124924, 2.337416
3.3, 0.022134, 0.022134, 0.462102, 0.462102, 0.047898, 0.047898, 0.221339, 2.213391, 2.434730
3.4, 0.023046, 0.023046, 0.459888, 0.459888, 0.050112, 0.050112, 0.230458, 2.304580, 2.535038
3.5, 0.023985, 0.023985, 0.457584, 0.457584, 0.052416, 0.052416, 0.239849, 2.398485, 2.638334
3.6, 0.024951, 0.024951, 0.455185, 0.455185, 0.054815, 0.054815, 0.249509, 2.495089, 2.744598
3.7, 0.025944, 0.025944, 0.452690, 0.452690, 0.057310, 0.057310, 0.259436, 2.594362, 2.853798
3.8, 0.026963, 0.026963, 0.450096, 0.450096, 0.059904, 0.059904, 0.269627, 2.696265, 2.965892
3.9, 0.028007, 0.028007, 0.447399, 0.447399, 0.062601, 0.062601, 0.280074, 2.800744, 3.080818
4.0, 0.029077, 0.029077, 0.444599, 0.444599, 0.065401, 0.065401, 0.290773, 2.907732, 3.198505
4.1, 0.030171, 0.030171, 0.441691, 0.441691, 0.068309, 0.068309, 0.301715, 3.017147, 3.318862
4.2, 0.031289, 0.031289, 0.438674, 0.438674, 0.071326, 0.071326, 0.312889, 3.128891, 3.441781
4.3, 0.032429, 0.032429, 0.435545, 0.435545, 0.074455, 0.074455, 0.324285, 3.242852, 3.567137
4.4, 0.033589, 0.033589, 0.432302, 0.432302, 0.077698, 0.077698, 0.335890, 3.358896, 3.694786
4.5, 0.034769, 0.034769, 0.428943, 0.428943, 0.081057, 0.081057, 0.347688, 3.476876, 3.824563
4.6, 0.035966, 0.035966, 0.425466, 0.425466, 0.084534, 0.084534, 0.359662, 3.596623, 3.956285
4.7, 0.037179, 0.037179, 0.421870, 0.421870, 0.088130, 0.088130, 0.371795, 3.717950, 4.089745
4.8, 0.038407, 0.038407, 0.418152, 0.418152, 0.091848, 0.091848, 0.384065, 3.840650, 4.224715
4.9, 0.039645, 0.039645, 0.414311, 0.414311, 0.095689, 0.095689, 0.396450, 3.964497, 4.360946
5.0, 0.040892, 0.040892, 0.410347, 0.410347, 0.099653, 0.099653, 0.408924, 4.089243, 4.498167
5.1, 0.042146, 0.042146, 0.406257, 0.406257, 0.103743, 0.103743, 0.421462, 4.214621, 4.636083
5.2, 0.043403, 0.043403, 0.402043, 0.402043, 0.107957, 0.107957, 0.434034, 4.340343, 4.774377
5.3, 0.044661, 0.044661, 0.397702, 0.397702, 0.112298, 0.112298, 0.446610, 4.466102, 4.912712
5.4, 0.045916, 0.045916, 0.393236, 0.393236, 0.116764, 0.116764, 0.459157, 4.591572, 5.050729
5.5, 0.047164, 0.047164, 0.388645, 0.388645, 0.121355, 0.121355, 0.471641, 4.716408, 5.188049
5.6, 0.048402, 0.048402, 0.383928, 0.383928, 0.126072, 0.126072, 0.484025, 4.840248, 5.324273
5.7, 0.049627, 0.049627, 0.379088, 0.379088, 0.130912, 0.130912, 0.496271, 4.962715, 5.458986
5.8, 0.050834, 0.050834, 0.374125, 0.374125, 0.135875, 0.135875, 0.508341, 5.083415, 5.591756
5.9, 0.052019, 0.052019, 0.369042, 0.369042, 0.140958, 0.140958, 0.520194, 5.201943, 5.722138
6.0, 0.053179, 0.053179, 0.363840, 0.363840, 0.146160, 0.146160, 0.531789, 5.317885, 5.849674
6.1, 0.054308, 0.054308, 0.358522, 0.358522, 0.151478, 0.151478, 0.543082, 5.430817, 5.973899
6.2, 0.055403, 0.055403, 0.353091, 0.353091, 0.156909, 0.156909, 0.554031, 5.540309, 6.094340
6.3, 0.056459, 0.056459, 0.347551, 0.347551, 0.162449, 0.162449, 0.564593, 5.645931, 6.210524
6.4, 0.057473, 0.057473, 0.341905, 0.341905, 0.168095, 0.168095, 0.574725, 5.747251, 6.321976
6.5, 0.058438, 0.058438, 0.336158, 0.336158, 0.173842, 0.173842, 0.584384, 5.843841, 6.428225
6.6, 0.059353, 0.059353, 0.330314, 0.330314, 0.179686, 0.179686, 0.593528, 5.935280, 6.528809
6.7, 0.060212, 0.060212, 0.324379, 0.324379, 0.185621, 0.185621, 0.602116, 6.021160, 6.623276
6.8, 0.061011, 0.061011, 0.318358, 0.318358, 0.191642, 0.191642, 0.610108, 6.101082, 6.711190
6.9, 0.061747, 0.061747, 0.312256, 0.312256, 0.197744, 0.197744, 0.617467, 6.174670, 6.792137
7.0, 0.062416, 0.062416, 0.306082, 0.306082, 0.203918, 0.203918, 0.624157, 6.241565, 6.865722
7.1, 0.063014, 0.063014, 0.299840, 0.299840, 0.210160, 0.210160, 0.630144, 6.301435, 6.931579
7.2, 0.063540, 0.063540, 0.293539, 0.293539, 0.216461, 0.216461, 0.635398, 6.353976, 6.989374
7.3, 0.063989, 0.063989, 0.287185, 0.287185, 0.222815, 0.222815, 0.639891, 6.398914, 7.038805
7.4, 0.064360, 0.064360, 0.280786, 0.280786, 0.229214, 0.229214, 0.643601, 6.436009, 7.079610
7.5, 0.064651, 0.064651, 0.274350, 0.274350, 0.235650, 0.235650, 0.646506, 6.465058, 7.111564
7.6, 0.064859, 0.064859, 0.267885, 0.267885, 0.242115, 0.242115, 0.648590, 6.485898, 7.134488
7.7, 0.064984, 0.064984, 0.261399, 0.261399, 0.248601, 0.248601, 0.649841, 6.498405, 7.148246
7.8, 0.065025, 0.065025, 0.254901, 0.254901, 0.255099, 0.255099, 0.650250, 6.502499, 7.152749
7.9, 0.064981, 0.064981, 0.248398, 0.248398, 0.261602, 0.261602, 0.649814, 6.498141, 7.147956
8.0, 0.064853, 0.064853, 0.241900, 0.241900, 0.268100, 0.268100, 0.648534, 6.485339, 7.133873
8.1, 0.064641, 0.064641, 0.235415, 0.235415, 0.274585, 0.274585, 0.646414, 6.464141, 7.110555
8.2, 0.064346, 0.064346, 0.228950, 0.228950, 0.281050, 0.281050, 0.643464, 6.434642, 7.078106
8.3, 0.063970, 0.063970, 0.222516, 0.222516, 0.287484, 0.287484, 0.639698, 6.396977, 7.036675
8.4, 0.063513, 0.063513, 0.216119, 0.216119, 0.293881, 0.293881, 0.635133, 6.351325, 6.986458
8.5, 0.062979, 0.062979, 0.209767, 0.209767, 0.300233, 0.300233, 0.629790, 6.297902, 6.927692
8.6, 0.062370, 0.062370, 0.203470, 0.203470, 0.306530, 0.306530, 0.623696, 6.236961, 6.860658
8.7, 0.061688, 0.061688, 0.197233, 0.197233, 0.312767, 0.312767, 0.616879, 6.168793, 6.785672
8.8, 0.060937, 0.060937, 0.191064, 0.191064, 0.318936, 0.318936, 0.609372, 6.093716, 6.703088
8.9, 0.060121, 0.060121, 0.184970, 0.184970, 0.325030, 0.325030, 0.601208, 6.012081, 6.613289
9.0, 0.059243, 0.059243, 0.178958, 0.178958, 0.331042, 0.331042, 0.592426, 5.924262, 6.516688
9.1, 0.058307, 0.058307, 0.173034, 0.173034, 0.336966, 0.336966, 0.583065, 5.830653, 6.413719
9.2, 0.057317, 0.057317, 0.167203, 0.167203, 0.342797, 0.342797, 0.573167, 5.731670, 6.304837
9.3, 0.056277, 0.056277, 0.161471, 0.161471, 0.348529, 0.348529, 0.562774, 5.627741, 6.190515
9.4, 0.055193, 0.055193, 0.155844, 0.155844, 0.354156, 0.354156, 0.551930, 5.519302, 6.071233
9.5, 0.054068, 0.054068, 0.150324, 0.150324, 0.359676, 0.359676, 0.540680, 5.406801, 5.947482
9.6, 0.052907, 0.052907, 0.144918, 0.144918, 0.365082, 0.365082, 0.529069, 5.290686, 5.819755
9.7, 0.051714, 0.051714, 0.139627, 0.139627, 0.370373, 0.370373, 0.517140, 5.171405, 5.688545
9.8, 0.050494, 0.050494, 0.134455, 0.134455, 0.375545, 0.375545, 0.504940, 5.049402, 5.554342
9.9, 0.049251, 0.049251, 0.129406, 0.129406, 0.380594, 0.380594, 0.492512, 4.925117, 5.417629
10.0, 0.047990, 0.047990, 0.124481, 0.124481, 0.385519, 0.385519, 0.479898, 4.798978, 5.278876
10.1, 0.046714, 0.046714, 0.119682, 0.119682, 0.390318, 0.390318, 0.467140, 4.671404, 5.138544
10.2, 0.045428, 0.045428, 0.115011, 0.115011, 0.394989, 0.394989, 0.454280, 4.542796, 4.997076
10.3, 0.044135, 0.044135, 0.110468, 0.110468, 0.399532, 0.399532, 0.441354, 4.413544, 4.854898
10.4, 0.042840, 0.042840, 0.106054, 0.106054, 0.403946, 0.403946, 0.428402, 4.284016, 4.712418
10.5, 0.041546, 0.041546, 0.101770, 0.101770, 0.408230, 0.408230, 0.415456, 4.154564, 4.570020
10.6, 0.040255, 0.040255, 0.097616, 0.097616, 0.412384, 0.412384, 0.402552, 4.025517, 4.428069
10.7, 0.038972, 0.038972, 0.093590, 0.093590, 0.416410, 0.416410, 0.389719, 3.897186, 4.286905
10.8, 0.037699, 0.037699, 0.089693, 0.089693, 0.420307, 0.420307, 0.376986, 3.769858, 4.146844
10.9, 0.036438, 0.036438, 0.085923, 0.085923, 0.424077, 0.424077, 0.364380, 3.643800, 4.008180
11.0, 0.035193, 0.035193, 0.082279, 0.082279, 0.427721, 0.427721, 0.351926, 3.519256, 3.871182
11.1, 0.033964, 0.033964, 0.078760, 0.078760, 0.431240, 0.431240, 0.339645, 3.396448, 3.736093
11.2, 0.032756, 0.032756, 0.075364, 0.075364, 0.434636, 0.434636, 0.327558, 3.275576, 3.603134
11.3, 0.031568, 0.031568, 0.072088, 0.072088, 0.437912, 0.437912, 0.315682, 3.156821, 3.472503
11.4, 0.030403, 0.030403, 0.068931, 0.068931, 0.441069, 0.441069, 0.304034, 3.040340, 3.344374
11.5, 0.029263, 0.029263, 0.065891, 0.065891, 0.444109, 0.444109, 0.292627, 2.926273, 3.218901
11.6, 0.028147, 0.028147, 0.062965, 0.062965, 0.447035, 0.447035, 0.281474, 2.814740, 3.096214
11.7, 0.027058, 0.027058, 0.060150, 0.060150, 0.449850, 0.449850, 0.270584, 2.705842, 2.976426
11.8, 0.025997, 0.025997, 0.057444, 0.057444, 0.452556, 0.452556, 0.259966, 2.599663, 2.859629
11.9, 0.024963, 0.024963, 0.054844, 0.054844, 0.455156, 0.455156, 0.249627, 2.496271, 2.745898
12.0, 0.023957, 0.023957, 0.052348, 0.052348, 0.457652, 0.457652, 0.239572, 2.395720, 2.635292
12.1, 0.022980, 0.022980, 0.049952, 0.049952, 0.460048, 0.460048, 0.229805, 2.298046, 2.527851
12.2, 0.022033, 0.022033, 0.047654, 0.047654, 0.462346, 0.462346, 0.220328, 2.203276, 2.423604
12.3, 0.021114, 0.021114, 0.045451, 0.045451, 0.464549, 0.464549, 0.211142, 2.111423, 2.322565
12.4, 0.020225, 0.020225, 0.043340, 0.043340, 0.466660, 0.466660, 0.202249, 2.022488, 2.224737
12.5, 0.019365, 0.019365, 0.041317, 0.041317, 0.468683, 0.468683, 0.193646, 1.936463, 2.130109
12.6, 0.018533, 0.018533, 0.039381, 0.039381, 0.470619, 0.470619, 0.185333, 1.853330, 2.038663
12.7, 0.017731, 0.017731, 0.037527, 0.037527, 0.472473, 0.472473, 0.177306, 1.773064, 1.950370
12.8, 0.016956, 0.016956, 0.035754, 0.035754, 0.474246, 0.474246, 0.169563, 1.695631, 1.865194
12.9, 0.016210, 0.016210, 0.034059, 0.034059, 0.475941, 0.475941, 0.162099, 1.620991, 1.783090
13.0, 0.015491, 0.015491, 0.032438, 0.032438, 0.477562, 0.477562, 0.154910, 1.549100, 1.704010
13.1, 0.014799, 0.014799, 0.030889, 0.030889, 0.479111, 0.479111, 0.147991, 1.479905, 1.627896
13.2, 0.014134, 0.014134, 0.029409, 0.029409, 0.480591, 0.480591, 0.141335, 1.413354, 1.554689
13.3, 0.013494, 0.013494, 0.027995, 0.027995, 0.482005, 0.482005, 0.134939, 1.349386, 1.484324
13.4, 0.012879, 0.012879, 0.026646, 0.026646, 0.483354, 0.483354, 0.128794, 1.287940, 1.416734
13.5, 0.012290, 0.012290, 0.025358, 0.025358, 0.484642, 0.484642, 0.122895, 1.228953, 1.351849
13.6, 0.011724, 0.011724, 0.024129, 0.024129, 0.485871, 0.485871, 0.117236, 1.172358, 1.289594
13.7, 0.011181, 0.011181, 0.022957, 0.022957, 0.487043, 0.487043, 0.111809, 1.118088, 1.229897
13.8, 0.010661, 0.010661, 0.021839, 0.021839, 0.488161, 0.488161, 0.106607, 1.066074, 1.172682
13.9, 0.010162, 0.010162, 0.020772, 0.020772, 0.489228, 0.489228, 0.101625, 1.016247, 1.117872
14.0, 0.009685, 0.009685, 0.019756, 0.019756, 0.490244, 0.490244, 0.096854, 0.968537, 1.065391
14.1, 0.009229, 0.009229, 0.018788, 0.018788, 0.491212, 0.491212, 0.092287, 0.922875, 1.015162
14.2, 0.008792, 0.008792, 0.017865, 0.017865, 0.492135, 0.492135, 0.087919, 0.879191, 0.967110
14.3, 0.008374, 0.008374, 0.016986, 0.016986, 0.493014, 0.493014, 0.083742, 0.837416, 0.921158
14.4, 0.007975, 0.007975, 0.016148, 0.016148, 0.493852, 0.493852, 0.079748, 0.797483, 0.877231
14.5, 0.007593, 0.007593, 0.015351, 0.015351, 0.494649, 0.494649, 0.075932, 0.759323, 0.835255
14.6, 0.007229, 0.007229, 0.014591, 0.014591, 0.495409, 0.495409, 0.072287, 0.722871, 0.795158
14.7, 0.006881, 0.006881, 0.013869, 0.013869, 0.496131, 0.496131, 0.068806, 0.688062, 0.756868
14.8, 0.006548, 0.006548, 0.013180, 0.013180, 0.496820, 0.496820, 0.065483, 0.654832, 0.720315
14.9, 0.006231, 0.006231, 0.012526, 0.012526, 0.497474, 0.497474, 0.062312, 0.623119, 0.685431
15.0, 0.005929, 0.005929, 0.011903, 0.011903, 0.498097, 0.498097, 0.059286, 0.592862, 0.652148
15.1, 0.005640, 0.005640, 0.011310, 0.011310, 0.498690, 0.498690, 0.056400, 0.564002, 0.620402
15.2, 0.005365, 0.005365, 0.010746, 0.010746, 0.499254, 0.499254, 0.053648, 0.536482, 0.590130
15.3, 0.005102, 0.005102, 0.010209, 0.010209, 0.499791, 0.499791, 0.051025, 0.510246, 0.561270
15.4, 0.004852, 0.004852, 0.009699, 0.009699, 0.500301, 0.500301, 0.048524, 0.485239, 0.533763
15.5, 0.004614, 0.004614, 0.009214, 0.009214, 0.500786, 0.500786, 0.046141, 0.461409, 0.507550
15.6, 0.004387, 0.004387, 0.008752, 0.008752, 0.501248, 0.501248, 0.043871, 0.438706, 0.482577
15.7, 0.004171, 0.004171, 0.008314, 0.008314, 0.501686, 0.501686, 0.041708, 0.417081, 0.458789
15.8, 0.003965, 0.003965, 0.007897, 0.007897, 0.502103, 0.502103, 0.039649, 0.396486, 0.436135
15.9, 0.003769, 0.003769, 0.007500, 0.007500, 0.502500, 0.502500, 0.037688, 0.376876, 0.414563
16.0, 0.003582, 0.003582, 0.007123, 0.007123, 0.502877, 0.502877, 0.035821, 0.358206, 0.394027
16.1, 0.003404, 0.003404, 0.006765, 0.006765, 0.503235, 0.503235, 0.034044, 0.340435, 0.374479
16.2, 0.003235, 0.003235, 0.006424, 0.006424, 0.503576, 0.503576, 0.032352, 0.323522, 0.355874
16.3, 0.003074, 0.003074, 0.006101, 0.006101, 0.503899, 0.503899, 0.030743, 0.307428, 0.338170
16.4, 0.002921, 0.002921, 0.005794, 0.005794, 0.504206, 0.504206, 0.029211, 0.292114, 0.321326
16.5, 0.002775, 0.002775, 0.005501, 0.005501, 0.504499, 0.504499, 0.027755, 0.277547, 0.305301
16.6, 0.002637, 0.002637, 0.005224, 0.005224, 0.504776, 0.504776, 0.026369, 0.263689, 0.290058
16.7, 0.002505, 0.002505, 0.004960, 0.004960, 0.505040, 0.505040, 0.025051, 0.250510, 0.275561
16.8, 0.002380, 0.002380, 0.004710, 0.004710, 0.505290, 0.505290, 0.023798, 0.237976, 0.261774
16.9, 0.002261, 0.002261, 0.004472, 0.004472, 0.505528, 0.505528, 0.022606, 0.226058, 0.248663
17.0, 0.002147, 0.002147, 0.004246, 0.004246, 0.505754, 0.505754, 0.021473, 0.214726, 0.236198
17.1, 0.002040, 0.002040, 0.004031, 0.004031, 0.505969, 0.505969, 0.020395, 0.203953, 0.224348
17.2, 0.001937, 0.001937, 0.003827, 0.003827, 0.506173, 0.506173, 0.019371, 0.193711, 0.213082
17.3, 0.001840, 0.001840, 0.003633, 0.003633, 0.506367, 0.506367, 0.018398, 0.183976, 0.202374
17.4, 0.001747, 0.001747, 0.003449, 0.003449, 0.506551, 0.506551, 0.017472, 0.174724, 0.192196
17.5, 0.001659, 0.001659, 0.003275, 0.003275, 0.506725, 0.506725, 0.016593, 0.165931, 0.182524
17.6, 0.001576, 0.001576, 0.003109, 0.003109, 0.506891, 0.506891, 0.015757, 0.157574, 0.173331
17.7, 0.001496, 0.001496, 0.002951, 0.002951, 0.507049, 0.507049, 0.014963, 0.149633, 0.164596
17.8, 0.001421, 0.001421, 0.002801, 0.002801, 0.507199, 0.507199, 0.014209, 0.142088, 0.156297
17.9, 0.001349, 0.001349, 0.002659, 0.002659, 0.507341, 0.507341, 0.013492, 0.134919, 0.148411
18.0, 0.001281, 0.001281, 0.002524, 0.002524, 0.507476, 0.507476, 0.012811, 0.128108, 0.140919
18.1, 0.001216, 0.001216, 0.002396, 0.002396, 0.507604, 0.507604, 0.012164, 0.121638, 0.133801
18.2, 0.001155, 0.001155, 0.002275, 0.002275, 0.507725, 0.507725, 0.011549, 0.115491, 0.127040
18.3, 0.001097, 0.001097, 0.002159, 0.002159, 0.507841, 0.507841, 0.010965, 0.109652, 0.120617
18.4, 0.001041, 0.001041, 0.002050, 0.002050, 0.507950, 0.507950, 0.010411, 0.104106, 0.114517
18.5, 0.000988, 0.000988, 0.001945, 0.001945, 0.508055, 0.508055, 0.009884, 0.098838, 0.108722
18.6, 0.000938, 0.000938, 0.001847, 0.001847, 0.508153, 0.508153, 0.009383, 0.093835, 0.103218
18.7, 0.000891, 0.000891, 0.001753, 0.001753, 0.508247, 0.508247, 0.008908, 0.089083, 0.097991
18.8, 0.000846, 0.000846, 0.001664, 0.001664, 0.508336, 0.508336, 0.008457, 0.084570, 0.093027
18.9, 0.000803, 0.000803, 0.001579, 0.001579, 0.508421, 0.508421, 0.008028, 0.080285, 0.088313
19.0, 0.000762, 0.000762, 0.001499, 0.001499, 0.508501, 0.508501, 0.007621, 0.076215, 0.083836
19.1, 0.000724, 0.000724, 0.001423, 0.001423, 0.508577, 0.508577, 0.007235, 0.072350, 0.079585
19.2, 0.000687, 0.000687, 0.001350, 0.001350, 0.508650, 0.508650, 0.006868, 0.068680, 0.075548
19.3, 0.000652, 0.000652, 0.001282, 0.001282, 0.508718, 0.508718, 0.006520, 0.065196, 0.071715
19.4, 0.000619, 0.000619, 0.001216, 0.001216, 0.508784, 0.508784, 0.006189, 0.061887, 0.068076
19.5, 0.000587, 0.000587, 0.001154, 0.001154, 0.508846, 0.508846, 0.005875, 0.058745, 0.064620
19.6, 0.000558, 0.000558, 0.001096, 0.001096, 0.508904, 0.508904, 0.005576, 0.055763, 0.061339
19.7, 0.000529, 0.000529, 0.001040, 0.001040, 0.508960, 0.508960, 0.005293, 0.052931, 0.058224
19.8, 0.000502, 0.000502, 0.000987, 0.000987, 0.509013, 0.509013, 0.005024, 0.050242, 0.055266
19.9, 0.000477, 0.000477, 0.000937, 0.000937, 0.509063, 0.509063, 0.004769, 0.047689, 0.052458
20.0, 0.000453, 0.000453, 0.000889, 0.000889, 0.509111, 0.509111, 0.004527, 0.045266, 0.049792
20.1, 0.000430, 0.000430, 0.000844, 0.000844, 0.509156, 0.509156, 0.004297, 0.042965, 0.047262
20.2, 0.000408, 0.000408, 0.000801, 0.000801, 0.509199, 0.509199, 0.004078, 0.040781, 0.044859
20.3, 0.000387, 0.000387, 0.000760, 0.000760, 0.509240, 0.509240, 0.003871, 0.038708, 0.042578
20.4, 0.000367, 0.000367, 0.000721, 0.000721, 0.509279, 0.509279, 0.003674, 0.036739, 0.040413
20.5, 0.000349, 0.000349, 0.000685, 0.000685, 0.509315, 0.509315, 0.003487, 0.034871, 0.038358
20.6, 0.000331, 0.000331, 0.000650, 0.000650, 0.509350, 0.509350, 0.003310, 0.033097, 0.036407
20.7, 0.000314, 0.000314, 0.000617, 0.000617, 0.509383, 0.509383, 0.003141, 0.031413, 0.034554
20.8, 0.000298, 0.000298, 0.000585, 0.000585, 0.509415, 0.509415, 0.002981, 0.029815, 0.032796
20.9, 0.000283, 0.000283, 0.000555, 0.000555, 0.509445, 0.509445, 0.002830, 0.028298, 0.031127
21.0, 0.000269, 0.000269, 0.000527, 0.000527, 0.509473, 0.509473, 0.002686, 0.026858, 0.029543
21.1, 0.000255, 0.000255, 0.000500, 0.000500, 0.509500, 0.509500, 0.002549, 0.025491, 0.028040
21.2, 0.000242, 0.000242, 0.000475, 0.000475, 0.509525, 0.509525, 0.002419, 0.024193, 0.026612
21.3, 0.000230, 0.000230, 0.000451, 0.000451, 0.509549, 0.509549, 0.002296, 0.022961, 0.025258
21.4, 0.000218, 0.000218, 0.000428, 0.000428, 0.509572, 0.509572, 0.002179, 0.021792, 0.023972
21.5, 0.000207, 0.000207, 0.000406, 0.000406, 0.509594, 0.509594, 0.002068, 0.020683, 0.022751
21.6, 0.000196, 0.000196, 0.000385, 0.000385, 0.509615, 0.509615, 0.001963, 0.019630, 0.021593
21.7, 0.000186, 0.000186, 0.000366, 0.000366, 0.509634, 0.509634, 0.001863, 0.018630, 0.020493
21.8, 0.000177, 0.000177, 0.000347, 0.000347, 0.509653, 0.509653, 0.001768, 0.017681, 0.019449
21.9, 0.000168, 0.000168, 0.000329, 0.000329, 0.509671, 0.509671, 0.001678, 0.016781, 0.018459
22.0, 0.000159, 0.000159, 0.000312, 0.000312, 0.509688, 0.509688, 0.001593, 0.015926, 0.017519
22.1, 0.000151, 0.000151, 0.000297, 0.000297, 0.509703, 0.509703, 0.001511, 0.015115, 0.016626
22.2, 0.000143, 0.000143, 0.000281, 0.000281, 0.509719, 0.509719, 0.001434, 0.014345, 0.015779
22.3, 0.000136, 0.000136, 0.000267, 0.000267, 0.509733, 0.509733, 0.001361, 0.013614, 0.014975
22.4, 0.000129, 0.000129, 0.000253, 0.000253, 0.509747, 0.509747, 0.001292, 0.012920, 0.014212
22.5, 0.000123, 0.000123, 0.000241, 0.000241, 0.509759, 0.509759, 0.001226, 0.012262, 0.013488
22.6, 0.000116, 0.000116, 0.000228, 0.000228, 0.509772, 0.509772, 0.001164, 0.011637, 0.012801
22.7, 0.000110, 0.000110, 0.000217, 0.000217, 0.509783, 0.509783, 0.001104, 0.011044, 0.012149
22.8, 0.000105, 0.000105, 0.000206, 0.000206, 0.509794, 0.509794, 0.001048, 0.010481, 0.011530
22.9, 0.000099, 0.000099, 0.000195, 0.000195, 0.509805, 0.509805, 0.000995, 0.009947, 0.010942
23.0, 0.000094, 0.000094, 0.000185, 0.000185, 0.509815, 0.509815, 0.000944, 0.009440, 0.010384
23.1, 0.000090, 0.000090, 0.000176, 0.000176, 0.509824, 0.509824, 0.000896, 0.008959, 0.009855
23.2, 0.000085, 0.000085, 0.000167, 0.000167, 0.509833, 0.509833, 0.000850, 0.008503, 0.009353
23.3, 0.000081, 0.000081, 0.000158, 0.000158, 0.509842, 0.509842, 0.000807, 0.008069, 0.008876
23.4, 0.000077, 0.000077, 0.000150, 0.000150, 0.509850, 0.509850, 0.000766, 0.007658, 0.008424
23.5, 0.000073, 0.000073, 0.000143, 0.000143, 0.509857, 0.509857, 0.000727, 0.007268, 0.007994
23.6, 0.000069, 0.000069, 0.000135, 0.000135, 0.509865, 0.509865, 0.000690, 0.006897, 0.007587
23.7, 0.000065, 0.000065, 0.000128, 0.000128, 0.509872, 0.509872, 0.000655, 0.006546, 0.007200
23.8, 0.000062, 0.000062, 0.000122, 0.000122, 0.509878, 0.509878, 0.000621, 0.006212, 0.006833
23.9, 0.000059, 0.000059, 0.000116, 0.000116, 0.509884, 0.509884, 0.000590, 0.005895, 0.006485
24.0, 0.000056, 0.000056, 0.000110, 0.000110, 0.509890, 0.509890, 0.000559, 0.005595, 0.006154
24.1, 0.000053, 0.000053, 0.000104, 0.000104, 0.509896, 0.509896, 0.000531, 0.005310, 0.005841
24.2, 0.000050, 0.000050, 0.000099, 0.000099, 0.509901, 0.509901, 0.000504, 0.005039, 0.005543
24.3, 0.000048, 0.000048, 0.000094, 0.000094, 0.509906, 0.509906, 0.000478, 0.004782, 0.005260
24.4, 0.000045, 0.000045, 0.000089, 0.000089, 0.509911, 0.509911, 0.000454, 0.004538, 0.004992
24.5, 0.000043, 0.000043, 0.000084, 0.000084, 0.509916, 0.509916, 0.000431, 0.004307, 0.004738
24.6, 0.000041, 0.000041, 0.000080, 0.000080, 0.509920, 0.509920, 0.000409, 0.004087, 0.004496
24.7, 0.000039, 0.000039, 0.000076, 0.000076, 0.509924, 0.509924, 0.000388, 0.003879, 0.004267
24.8, 0.000037, 0.000037, 0.000072, 0.000072, 0.509928, 0.509928, 0.000368, 0.003681, 0.004049
24.9, 0.000035, 0.000035, 0.000069, 0.000069, 0.509931, 0.509931, 0.000349, 0.003493, 0.003843
25.0, 0.000033, 0.000033, 0.000065, 0.000065, 0.509935, 0.509935, 0.000332, 0.003315, 0.003647
25.1, 0.000031, 0.000031, 0.000062, 0.000062, 0.509938, 0.509938, 0.000315, 0.003146, 0.003461
25.2, 0.000030, 0.000030, 0.000059, 0.000059, 0.509941, 0.509941, 0.000299, 0.002986, 0.003284
25.3, 0.000028, 0.000028, 0.000056, 0.000056, 0.509944, 0.509944, 0.000283, 0.002834, 0.003117
25.4, 0.000027, 0.000027, 0.000053, 0.000053, 0.509947, 0.509947, 0.000269, 0.002689, 0.002958
25.5, 0.000026, 0.000026, 0.000050, 0.000050, 0.509950, 0.509950, 0.000255, 0.002552, 0.002807
25.6, 0.000024, 0.000024, 0.000047, 0.000047, 0.509953, 0.509953, 0.000242, 0.002422, 0.002664
25.7, 0.000023, 0.000023, 0.000045, 0.000045, 0.509955, 0.509955, 0.000230, 0.002298, 0.002528
25.8, 0.000022, 0.000022, 0.000043, 0.000043, 0.509957, 0.509957, 0.000218, 0.002181, 0.002399
25.9, 0.000021, 0.000021, 0.000041, 0.000041, 0.509959, 0.509959, 0.000207, 0.002070, 0.002277
26.0, 0.000020, 0.000020, 0.000039, 0.000039, 0.509961, 0.509961, 0.000196, 0.001964, 0.002161
26.1, 0.000019, 0.000019, 0.000037, 0.000037, 0.509963, 0.509963, 0.000186, 0.001864, 0.002051
26.2, 0.000018, 0.000018, 0.000035, 0.000035, 0.509965, 0.509965, 0.000177, 0.001769, 0.001946
26.3, 0.000017, 0.000017, 0.000033, 0.000033, 0.509967, 0.509967, 0.000168, 0.001679, 0.001847
26.4, 0.000016, 0.000016, 0.000031, 0.000031, 0.509969, 0.509969, 0.000159, 0.001593, 0.001753
26.5, 0.000015, 0.000015, 0.000030, 0.000030, 0.509970, 0.509970, 0.000151, 0.001512, 0.001663
26.6, 0.000014, 0.000014, 0.000028, 0.000028, 0.509972, 0.509972, 0.000143, 0.001435, 0.001578
26.7, 0.000014, 0.000014, 0.000027, 0.000027, 0.509973, 0.509973, 0.000136, 0.001362, 0.001498
26.8, 0.000013, 0.000013, 0.000025, 0.000025, 0.509975, 0.509975, 0.000129, 0.001292, 0.001422
26.9, 0.000012, 0.000012, 0.000024, 0.000024, 0.509976, 0.509976, 0.000123, 0.001226, 0.001349
27.0, 0.000012, 0.000012, 0.000023, 0.000023, 0.509977, 0.509977, 0.000116, 0.001164, 0.001280
27.1, 0.000011, 0.000011, 0.000022, 0.000022, 0.509978, 0.509978, 0.000110, 0.001105, 0.001215
27.2, 0.000010, 0.000010, 0.000021, 0.000021, 0.509979, 0.509979, 0.000105, 0.001048, 0.001153
27.3, 0.000010, 0.000010, 0.000020, 0.000020, 0.509980, 0.509980, 0.000099, 0.000995, 0.001094
27.4, 0.000009, 0.000009, 0.000019, 0.000019, 0.509981, 0.509981, 0.000094, 0.000944, 0.001038
27.5, 0.000009, 0.000009, 0.000018, 0.000018, 0.509982, 0.509982, 0.000090, 0.000896, 0.000985
27.6, 0.000009, 0.000009, 0.000017, 0.000017, 0.509983, 0.509983, 0.000085, 0.000850, 0.000935
27.7, 0.000008, 0.000008, 0.000016, 0.000016, 0.509984, 0.509984, 0.000081, 0.000807, 0.000888
27.8, 0.000008, 0.000008, 0.000015, 0.000015, 0.509985, 0.509985, 0.000077, 0.000766, 0.000842
27.9, 0.000007, 0.000007, 0.000014, 0.000014, 0.509986, 0.509986, 0.000073, 0.000727, 0.000799
28.0, 0.000007, 0.000007, 0.000014, 0.000014, 0.509986, 0.509986, 0.000069, 0.000690, 0.000759
28.1, 0.000007, 0.000007, 0.000013, 0.000013, 0.509987, 0.509987, 0.000065, 0.000654, 0.000720
28.2, 0.000006, 0.000006, 0.000012, 0.000012, 0.509988, 0.509988, 0.000062, 0.000621, 0.000683
28.3, 0.000006, 0.000006, 0.000012, 0.000012, 0.509988, 0.509988, 0.000059, 0.000589, 0.000648
28.4, 0.000006, 0.000006, 0.000011, 0.000011, 0.509989, 0.509989, 0.000056, 0.000559, 0.000615
28.5, 0.000005, 0.000005, 0.000010, 0.000010, 0.509990, 0.509990, 0.000053, 0.000531, 0.000584
28.6, 0.000005, 0.000005, 0.000010, 0.000010, 0.509990, 0.509990, 0.000050, 0.000504, 0.000554
28.7, 0.000005, 0.000005, 0.000009, 0.000009, 0.509991, 0.509991, 0.000048, 0.000478, 0.000526
28.8, 0.000005, 0.000005, 0.000009, 0.000009, 0.509991, 0.509991, 0.000045, 0.000454, 0.000499
28.9, 0.000004, 0.000004, 0.000008, 0.000008, 0.509992, 0.509992, 0.000043, 0.000431, 0.000474
29.0, 0.000004, 0.000004, 0.000008, 0.000008, 0.509992, 0.509992, 0.000041, 0.000409, 0.000449
29.1, 0.000004, 0.000004, 0.000008, 0.000008, 0.509992, 0.509992, 0.000039, 0.000388, 0.000427
29.2, 0.000004, 0.000004, 0.000007, 0.000007, 0.509993, 0.509993, 0.000037, 0.000368, 0.000405
29.3, 0.000003, 0.000003, 0.000007, 0.000007, 0.509993, 0.509993, 0.000035, 0.000349, 0.000384
29.4, 0.000003, 0.000003, 0.000006, 0.000006, 0.509994, 0.509994, 0.000033, 0.000331, 0.000365
29.5, 0.000003, 0.000003, 0.000006, 0.000006, 0.509994, 0.509994, 0.000031, 0.000314, 0.000346
29.6, 0.000003, 0.000003, 0.000006, 0.000006, 0.509994, 0.509994, 0.000030, 0.000298, 0.000328
29.7, 0.000003, 0.000003, 0.000006, 0.000006, 0.509994, 0.509994, 0.000028, 0.000283, 0.000312
29.8, 0.000003, 0.000003, 0.000005, 0.000005, 0.509995, 0.509995, 0.000027, 0.000269, 0.000296
29.9, 0.000003, 0.000003, 0.000005, 0.000005, 0.509995, 0.509995, 0.000026, 0.000255, 0.000281
30.0, 0.000002, 0.000002, 0.000005, 0.000005, 0.509995, 0.509995, 0.000024, 0.000242, 0.000266
30.1, 0.000002, 0.000002, 0.000005, 0.000005, 0.509995, 0.509995, 0.000023, 0.000230, 0.000253
30.2, 0.000002, 0.000002, 0.000004, 0.000004, 0.509996, 0.509996, 0.000022, 0.000218, 0.000240
30.3, 0.000002, 0.000002, 0.000004, 0.000004, 0.509996, 0.509996, 0.000021, 0.000207, 0.000228
30.4, 0.000002, 0.000002, 0.000004, 0.000004, 0.509996, 0.509996, 0.000020, 0.000196, 0.000216
30.5, 0.000002, 0.000002, 0.000004, 0.000004, 0.509996, 0.509996, 0.000019, 0.000186, 0.000205
30.6, 0.000002, 0.000002, 0.000003, 0.000003, 0.509997, 0.509997, 0.000018, 0.000177, 0.000195
30.7, 0.000002, 0.000002, 0.000003, 0.000003, 0.509997, 0.509997, 0.000017, 0.000168, 0.000185
30.8, 0.000002, 0.000002, 0.000003, 0.000003, 0.509997, 0.509997, 0.000016, 0.000159, 0.000175
30.9, 0.000002, 0.000002, 0.000003, 0.000003, 0.509997, 0.509997, 0.000015, 0.000151, 0.000166
31.0, 0.000001, 0.000001, 0.000003, 0.000003, 0.509997, 0.509997, 0.000014, 0.000143, 0.000158
31.1, 0.000001, 0.000001, 0.000003, 0.000003, 0.509997, 0.509997, 0.000014, 0.000136, 0.000150
31.2, 0.000001, 0.000001, 0.000003, 0.000003, 0.509997, 0.509997, 0.000013, 0.000129, 0.000142
31.3, 0.000001, 0.000001, 0.000002, 0.000002, 0.509998, 0.509998, 0.000012, 0.000123, 0.000135
31.4, 0.000001, 0.000001, 0.000002, 0.000002, 0.509998, 0.509998, 0.000012, 0.000116, 0.000128
31.5, 0.000001, 0.000001, 0.000002, 0.000002, 0.509998, 0.509998, 0.000011, 0.000110, 0.000121
31.6, 0.000001, 0.000001, 0.000002, 0.000002, 0.509998, 0.509998, 0.000010, 0.000105, 0.000115
31.7, 0.000001, 0.000001, 0.000002, 0.000002, 0.509998, 0.509998, 0.000010, 0.000099, 0.000109
31.8, 0.000001, 0.000001, 0.000002, 0.000002, 0.509998, 0.509998, 0.000009, 0.000094, 0.000104
31.9, 0.000001, 0.000001, 0.000002, 0.000002, 0.509998, 0.509998, 0.000009, 0.000090, 0.000098
32.0, 0.000001, 0.000001, 0.000002, 0.000002, 0.509998, 0.509998, 0.000008, 0.000085, 0.000093
32.1, 0.000001, 0.000001, 0.000002, 0.000002, 0.509998, 0.509998, 0.000008, 0.000081, 0.000089
32.2, 0.000001, 0.000001, 0.000002, 0.000002, 0.509998, 0.509998, 0.000008, 0.000077, 0.000084
32.3, 0.000001, 0.000001, 0.000001, 0.000001, 0.509999, 0.509999, 0.000007, 0.000073, 0.000080
32.4, 0.000001, 0.000001, 0.000001, 0.000001, 0.509999, 0.509999, 0.000007, 0.000069, 0.000076
32.5, 0.000001, 0.000001, 0.000001, 0.000001, 0.509999, 0.509999, 0.000007, 0.000065, 0.000072
32.6, 0.000001, 0.000001, 0.000001, 0.000001, 0.509999, 0.509999, 0.000006, 0.000062, 0.000068
32.7, 0.000001, 0.000001, 0.000001, 0.000001, 0.509999, 0.509999, 0.000006, 0.000059, 0.000065
32.8, 0.000001, 0.000001, 0.000001, 0.000001, 0.509999, 0.509999, 0.000006, 0.000056, 0.000061
32.9, 0.000001, 0.000001, 0.000001, 0.000001, 0.509999, 0.509999, 0.000005, 0.000053, 0.000058
33.0, 0.000001, 0.000001, 0.000001, 0.000001, 0.509999, 0.509999, 0.000005, 0.000050, 0.000055
33.1, 0.000000, 0.000000, 0.000001, 0.000001, 0.509999, 0.509999, 0.000005, 0.000048, 0.000053
33.2, 0.000000, 0.000000, 0.000001, 0.000001, 0.509999, 0.509999, 0.000005, 0.000045, 0.000050
33.3, 0.000000, 0.000000, 0.000001, 0.000001, 0.509999, 0.509999, 0.000004, 0.000043, 0.000047
33.4, 0.000000, 0.000000, 0.000001, 0.000001, 0.509999, 0.509999, 0.000004, 0.000041, 0.000045
33.5, 0.000000, 0.000000, 0.000001, 0.000001, 0.509999, 0.509999, 0.000004, 0.000039, 0.000043
33.6, 0.000000, 0.000000, 0.000001, 0.000001, 0.509999, 0.509999, 0.000004, 0.000037, 0.000040
33.7, 0.000000, 0.000000, 0.000001, 0.000001, 0.509999, 0.509999, 0.000003, 0.000035, 0.000038
33.8, 0.000000, 0.000000, 0.000001, 0.000001, 0.509999, 0.509999, 0.000003, 0.000033, 0.000036
33.9, 0.000000, 0.000000, 0.000001, 0.000001, 0.509999, 0.509999, 0.000003, 0.000031, 0.000035
34.0, 0.000000, 0.000000, 0.000001, 0.000001, 0.509999, 0.509999, 0.000003, 0.000030, 0.000033
34.1, 0.000000, 0.000000, 0.000001, 0.000001, 0.509999, 0.509999, 0.000003, 0.000028, 0.000031
34.2, 0.000000, 0.000000, 0.000001, 0.000001, 0.509999, 0.509999, 0.000003, 0.000027, 0.000030
34.3, 0.000000, 0.000000, 0.000000, 0.000000, 0.510000, 0.510000, 0.000003, 0.000025, 0.000028
34.4, 0.000000, 0.000000, 0.000000, 0.000000, 0.510000, 0.510000, 0.000002, 0.000024, 0.000027
34.5, 0.000000, 0.000000, 0.000000, 0.000000, 0.510000, 0.510000, 0.000002, 0.000023, 0.000025
34.6, 0.000000, 0.000000, 0.000000, 0.000000, 0.510000, 0.510000, 0.000002, 0.000022, 0.000024
34.7, 0.000000, 0.000000, 0.000000, 0.000000, 0.510000, 0.510000, 0.000002, 0.000021, 0.000023
34.8, 0.000000, 0.000000, 0.000000, 0.000000, 0.510000, 0.510000, 0.000002, 0.000020, 0.000022
34.9, 0.000000, 0.000000, 0.000000, 0.000000, 0.510000, 0.510000, 0.000002, 0.000019, 0.000020
35.0, 0.000000, 0.000000, 0.000000, 0.000000, 0.510000, 0.510000, 0.000002, 0.000018, 0.000019
35.1, 0.000000, 0.000000, 0.000000, 0.000000, 0.510000, 0.510000, 0.000002, 0.000017, 0.000018
35.2, 0.000000, 0.000000, 0.000000, 0.000000, 0.510000, 0.510000, 0.000002, 0.000016, 0.000018
35.3, 0.000000, 0.000000, 0.000000, 0.000000, 0.510000, 0.510000, 0.000002, 0.000015, 0.000017
35.4, 0.000000, 0.000000, 0.000000, 0.000000, 0.510000, 0.510000, 0.000001, 0.000014, 0.000016
35.5, 0.000000, 0.000000, 0.000000, 0.000000, 0.510000, 0.510000, 0.000001, 0.000014, 0.000015
35.6, 0.000000, 0.000000, 0.000000, 0.000000, 0.510000, 0.510000, 0.000001, 0.000013, 0.000014
35.7, 0.000000, 0.000000, 0.000000, 0.000000, 0.510000, 0.510000, 0.000001, 0.000012, 0.000013
35.8, 0.000000, 0.000000, 0.000000, 0.000000, 0.510000, 0.510000, 0.000001, 0.000012, 0.000013
35.9, 0.000000, 0.000000, 0.000000, 0.000000, 0.510000, 0.510000, 0.000001, 0.000011, 0.000012
36.0, 0.000000, 0.000000, 0.000000, 0.000000, 0.510000, 0.510000, 0.000001, 0.000010, 0.000012
36.1, 0.000000, 0.000000, 0.000000, 0.000000, 0.510000, 0.510000, 0.000001, 0.000010, 0.000011
36.2, 0.000000, 0.000000, 0.000000, 0.000000, 0.510000, 0.510000, 0.000001, 0.000009, 0.000010
36.3, 0.000000, 0.000000, 0.000000, 0.000000, 0.510000, 0.510000, 0.000001, 0.000009, 0.000010
36.4, 0.000000, 0.000000, 0.000000, 0.000000, 0.510000, 0.510000, 0.000001, 0.000008, 0.000009
36.5, 0.000000, 0.000000, 0.000000, 0.000000, 0.510000, 0.510000, 0.000001, 0.000008, 0.000009
36.6, 0.000000, 0.000000, 0.000000, 0.000000, 0.510000, 0.510000, 0.000001, 0.000008, 0.000008
36.7, 0.000000, 0.000000, 0.000000, 0.000000, 0.510000, 0.510000, 0.000001, 0.000007, 0.000008
36.8, 0.000000, 0.000000, 0.000000, 0.000000, 0.510000, 0.510000, 0.000001, 0.000007, 0.000008
36.9, 0.000000, 0.000000, 0.000000, 0.000000, 0.510000, 0.510000, 0.000001, 0.000007, 0.000007
37.0, 0.000000, 0.000000, 0.000000, 0.000000, 0.510000, 0.510000, 0.000001, 0.000006, 0.000007
37.1, 0.000000, 0.000000, 0.000000, 0.000000, 0.510000, 0.510000, 0.000001, 0.000006, 0.000006
37.2, 0.000000, 0.000000, 0.000000, 0.000000, 0.510000, 0.510000, 0.000001, 0.000006, 0.000006
37.3, 0.000000, 0.000000, 0.000000, 0.000000, 0.510000, 0.510000, 0.000001, 0.000005, 0.000006
37.4, 0.000000, 0.000000, 0.000000, 0.000000, 0.510000, 0.510000, 0.000001, 0.000005, 0.000006
37.5, 0.000000, 0.000000, 0.000000, 0.000000, 0.510000, 0.510000, 0.000000, 0.000005, 0.000005
37.6, 0.000000, 0.000000, 0.000000, 0.000000, 0.510000, 0.510000, 0.000000, 0.000005, 0.000005
37.7, 0.000000, 0.000000, 0.000000, 0.000000, 0.510000, 0.510000, 0.000000, 0.000004, 0.000005
37.8, 0.000000, 0.000000, 0.000000, 0.000000, 0.510000, 0.510000, 0.000000, 0.000004, 0.000004
37.9, 0.000000, 0.000000, 0.000000, 0.000000, 0.510000, 0.510000, 0.000000, 0.000004, 0.000004
38.0, 0.000000, 0.000000, 0.000000, 0.000000, 0.510000, 0.510000, 0.000000, 0.000004, 0.000004
38.1, 0.000000, 0.000000, 0.000000, 0.000000, 0.510000, 0.510000, 0.000000, 0.000003, 0.000004
38.2, 0.000000, 0.000000, 0.000000, 0.000000, 0.510000, 0.510000, 0.000000, 0.000003, 0.000004
38.3, 0.000000, 0.000000, 0.000000, 0.000000, 0.510000, 0.510000, 0.000000, 0.000003, 0.000003
38.4, 0.000000, 0.000000, 0.000000, 0.000000, 0.510000, 0.510000, 0.000000, 0.000003, 0.000003
38.5, 0.000000, 0.000000, 0.000000, 0.000000, 0.510000, 0.510000, 0.000000, 0.000003, 0.000003
38.6, 0.000000, 0.000000, 0.000000, 0.000000, 0.510000, 0.510000, 0.000000, 0.000003, 0.000003
38.7, 0.000000, 0.000000, 0.000000, 0.000000, 0.510000, 0.510000, 0.000000, 0.000003, 0.000003
38.8, 0.000000, 0.000000, 0.000000, 0.000000, 0.510000, 0.510000, 0.000000, 0.000002, 0.000003
38.9, 0.000000, 0.000000, 0.000000, 0.000000, 0.510000, 0.510000, 0.000000, 0.000002, 0.000003
39.0, 0.000000, 0.000000, 0.000000, 0.000000, 0.510000, 0.510000, 0.000000, 0.000002, 0.000002
39.1, 0.000000, 0.000000, 0.000000, 0.000000, 0.510000, 0.510000, 0.000000, 0.000002, 0.000002
39.2, 0.000000, 0.000000, 0.000000, 0.000000, 0.510000, 0.510000, 0.000000, 0.000002, 0.000002
39.3, 0.000000, 0.000000, 0.000000, 0.000000, 0.510000, 0.510000, 0.000000, 0.000002, 0.000002
39.4, 0.000000, 0.000000, 0.000000, 0.000000, 0.510000, 0.510000, 0.000000, 0.000002, 0.000002
39.5, 0.000000, 0.000000, 0.000000, 0.000000, 0.510000, 0.510000, 0.000000, 0.000002, 0.000002
39.6, 0.000000, 0.000000, 0.000000, 0.000000, 0.510000, 0.510000, 0.000000, 0.000002, 0.000002
39.7, 0.000000, 0.000000, 0.000000, 0.000000, 0.510000, 0.510000, 0.000000, 0.000002, 0.000002
39.8, 0.000000, 0.000000, 0.000000, 0.000000, 0.510000, 0.510000, 0.000000, 0.000001, 0.000002
39.9, 0.000000, 0.000000, 0.000000, 0.000000, 0.510000, 0.510000, 0.000000, 0.000001, 0.000001
40.0, 0.000000, 0.000000, 0.000000, 0.000000, 0.510000, 0.510000, 0.000000, 0.000001, 0.000001
40.1, 0.000000, 0.000000, 0.000000, 0.000000, 0.510000, 0.510000, 0.000000, 0.000001, 0.000001
40.2, 0.000000, 0.000000, 0.000000, 0.000000, 0.510000, 0.510000, 0.000000, 0.000001, 0.000001
40.3, 0.000000, 0.000000, 0.000000, 0.000000, 0.510000, 0.510000, 0.000000, 0.000001, 0.000001
40.4, 0.000000, 0.000000, 0.000000, 0.000000, 0.510000, 0.510000, 0.000000, 0.000001, 0.000001
40.5, 0.000000, 0.000000, 0.000000, 0.000000, 0.510000, 0.510000, 0.000000, 0.000001, 0.000001
40.6, 0.000000, 0.000000, 0.000000, 0.000000, 0.510000, 0.510000, 0.000000, 0.000001, 0.000001
40.7, 0.000000, 0.000000, 0.000000, 0.000000, 0.510000, 0.510000, 0.000000, 0.000001, 0.000001
40.8, 0.000000, 0.000000, 0.000000, 0.000000, 0.510000, 0.510000, 0.000000, 0.000001, 0.000001
40.9, 0.000000, 0.000000, 0.000000, 0.000000, 0.510000, 0.510000, 0.000000, 0.000001, 0.000001
41.0, 0.000000, 0.000000, 0.000000, 0.000000, 0.510000, 0.510000, 0.000000, 0.000001, 0.000001
41.1, 0.000000, 0.000000, 0.000000, 0.000000, 0.510000, 0.510000, 0.000000, 0.000001, 0.000001
41.2, 0.000000, 0.000000, 0.000000, 0.000000, 0.510000, 0.510000, 0.000000, 0.000001, 0.000001
41.3, 0.000000, 0.000000, 0.000000, 0.000000, 0.510000, 0.510000, 0.000000, 0.000001, 0.000001
41.4, 0.000000, 0.000000, 0.000000, 0.000000, 0.510000, 0.510000, 0.000000, 0.000001, 0.000001
41.5, 0.000000, 0.000000, 0.000000, 0.000000, 0.510000, 0.510000, 0.000000, 0.000001, 0.000001
41.6, 0.000000, 0.000000, 0.000000, 0.000000, 0.510000, 0.510000, 0.000000, 0.000001, 0.000001
41.7, 0.000000, 0.000000, 0.000000, 0.000000, 0.510000, 0.510000, 0.000000, 0.000001, 0.000001
41.8, 0.000000, 0.000000, 0.000000, 0.000000, 0.510000, 0.510000, 0.000000, 0.000001, 0.000001
41.9, 0.000000, 0.000000, 0.000000, 0.000000, 0.510000, 0.510000, 0.000000, 0.000000, 0.000001
42.0, 0.000000, 0.000000, 0.000000, 0.000000, 0.510000, 0.510000, 0.000000, 0.000000, 0.000000
42.1, 0.000000, 0.000000, 0.000000, 0.000000, 0.510000, 0.510000, 0.000000, 0.000000, 0.000000
42.2, 0.000000, 0.000000, 0.000000, 0.000000, 0.510000, 0.510000, 0.000000, 0.000000, 0.000000
42.3, 0.000000, 0.000000, 0.000000, 0.000000, 0.510000, 0.510000, 0.000000, 0.000000, 0.000000
42.4, 0.000000, 0.000000, 0.000000, 0.000000, 0.510000, 0.510000, 0.000000, 0.000000, 0.000000
42.5, 0.000000, 0.000000, 0.000000, 0.000000, 0.510000, 0.510000, 0.000000, 0.000000, 0.000000
42.6, 0.000000, 0.000000, 0.000000, 0.000000, 0.510000, 0.510000, 0.000000, 0.000000, 0.000000
42.7, 0.000000, 0.000000, 0.000000, 0.000000, 0.510000, 0.510000, 0.000000, 0.000000, 0.000000
42.8, 0.000000, 0.000000, 0.000000, 0.000000, 0.510000, 0.510000, 0.000000, 0.000000, 0.000000
42.9, 0.000000, 0.000000, 0.000000, 0.000000, 0.510000, 0.510000, 0.000000, 0.000000, 0.000000
43.0, 0.000000, 0.000000, 0.000000, 0.000000, 0.510000, 0.510000, 0.000000, 0.000000, 0.000000
43.1, 0.000000, 0.000000, 0.000000, 0.000000, 0.510000, 0.510000, 0.000000, 0.000000, 0.000000
43.2, 0.000000, 0.000000, 0.000000, 0.000000, 0.510000, 0.510000, 0.000000, 0.000000, 0.000000
43.3, 0.000000, 0.000000, 0.000000, 0.000000, 0.510000, 0.510000, 0.000000, 0.000000, 0.000000
43.4, 0.000000, 0.000000, 0.000000, 0.000000, 0.510000, 0.510000, 0.000000, 0.000000, 0.000000
43.5, 0.000000, 0.000000, 0.000000, 0.000000, 0.510000, 0.510000, 0.000000, 0.000000, 0.000000
43.6, 0.000000, 0.000000, 0.000000, 0.000000, 0.510000, 0.510000, 0.000000, 0.000000, 0.000000
43.7, 0.000000, 0.000000, 0.000000, 0.000000, 0.510000, 0.510000, 0.000000, 0.000000, 0.000000
43.8, 0.000000, 0.000000, 0.000000, 0.000000, 0.510000, 0.510000, 0.000000, 0.000000, 0.000000
43.9, 0.000000, 0.000000, 0.000000, 0.000000, 0.510000, 0.510000, 0.000000, 0.000000, 0.000000
44.0, 0.000000, 0.000000, 0.000000, 0.000000, 0.510000, 0.510000, 0.000000, 0.000000, 0.000000
44.1, 0.000000, 0.000000, 0.000000, 0.000000, 0.510000, 0.510000, 0.000000, 0.000000, 0.000000
44.2, 0.000000, 0.000000, 0.000000, 0.000000, 0.510000, 0.510000, 0.000000, 0.000000, 0.000000
44.3, 0.000000, 0.000000, 0.000000, 0.000000, 0.510000, 0.510000, 0.000000, 0.000000, 0.000000
44.4, 0.000000, 0.000000, 0.000000, 0.000000, 0.510000, 0.510000, 0.000000, 0.000000, 0.000000
44.5, 0.000000, 0.000000, 0.000000, 0.000000, 0.510000, 0.510000, 0.000000, 0.000000, 0.000000
44.6, 0.000000, 0.000000, 0.000000, 0.000000, 0.510000, 0.510000, 0.000000, 0.000000, 0.000000
44.7, 0.000000, 0.000000, 0.000000, 0.000000, 0.510000, 0.510000, 0.000000, 0.000000, 0.000000
44.8, 0.000000, 0.000000, 0.000000, 0.000000, 0.510000, 0.510000, 0.000000, 0.000000, 0.000000
44.9, 0.000000, 0.000000, 0.000000, 0.000000, 0.510000, 0.510000, 0.000000, 0.000000, 0.000000
45.0, 0.000000, 0.000000, 0.000000, 0.000000, 0.510000, 0.510000, 0.000000, 0.000000, 0.000000
45.1, 0.000000, 0.000000, 0.000000, 0.000000, 0.510000, 0.510000, 0.000000, 0.000000, 0.000000
45.2, 0.000000, 0.000000, 0.000000, 0.000000, 0.510000, 0.510000, 0.000000, 0.000000, 0.000000
45.3, 0.000000, 0.000000, 0.000000, 0.000000, 0.510000, 0.510000, 0.000000, 0.000000, 0.000000
45.4, 0.000000, 0.000000, 0.000000, 0.000000, 0.510000, 0.510000, 0.000000, 0.000000, 0.000000
45.5, 0.000000, 0.000000, 0.000000, 0.000000, 0.510000, 0.510000, 0.000000, 0.000000, 0.000000
45.6, 0.000000, 0.000000, 0.000000, 0.000000, 0.510000, 0.510000, 0.000000, 0.000000, 0.000000
45.7, 0.000000, 0.000000, 0.000000, 0.000000, 0.510000, 0.510000, 0.000000, 0.000000, 0.000000
45.8, 0.000000, 0.000000, 0.000000, 0.000000, 0.510000, 0.510000, 0.000000, 0.000000, 0.000000
45.9, 0.000000, 0.000000, 0.000000, 0.000000, 0.510000, 0.510000, 0.000000, 0.000000, 0.000000
46.0, 0.000000, 0.000000, 0.000000, 0.000000, 0.510000, 0.510000, 0.000000, 0.000000, 0.000000
46.1, 0.000000, 0.000000, 0.000000, 0.000000, 0.510000, 0.510000, 0.000000, 0.000000, 0.000000
46.2, 0.000000, 0.000000, 0.000000, 0.000000, 0.510000, 0.510000, 0.000000, 0.000000, 0.000000
46.3, 0.000000, 0.000000, 0.000000, 0.000000, 0.510000, 0.510000, 0.000000, 0.000000, 0.000000
46.4, 0.000000, 0.000000, 0.000000, 0.000000, 0.510000, 0.510000, 0.000000, 0.000000, 0.000000
46.5, 0.000000, 0.000000, 0.000000, 0.000000, 0.510000, 0.510000, 0.000000, 0.000000, 0.000000
46.6, 0.000000, 0.000000, 0.000000, 0.000000, 0.510000, 0.510000, 0.000000, 0.000000, 0.000000
46.7, 0.000000, 0.000000, 0.000000, 0.000000, 0.510000, 0.510000, 0.000000, 0.000000, 0.000000
46.8, 0.000000, 0.000000, 0.000000, 0.000000, 0.510000, 0.510000, 0.000000, 0.000000, 0.000000
46.9, 0.000000, 0.000000, 0.000000, 0.000000, 0.510000, 0.510000, 0.000000, 0.000000, 0.000000
47.0, 0.000000, 0.000000, 0.000000, 0.000000, 0.510000, 0.510000, 0.000000, 0.000000, 0.000000
47.1, 0.000000, 0.000000, 0.000000, 0.000000, 0.510000, 0.510000, 0.000000, 0.000000, 0.000000
47.2, 0.000000, 0.000000, 0.000000, 0.000000, 0.510000, 0.510000, 0.000000, 0.000000, 0.000000
47.3, 0.000000, 0.000000, 0.000000, 0.000000, 0.510000, 0.510000, 0.000000, 0.000000, 0.000000
47.4, 0.000000, 0.000000, 0.000000, 0.000000, 0.510000, 0.510000, 0.000000, 0.000000, 0.000000
47.5, 0.000000, 0.000000, 0.000000, 0.000000, 0.510000, 0.510000, 0.000000, 0.000000, 0.000000
47.6, 0.000000, 0.000000, 0.000000, 0.000000, 0.510000, 0.510000, 0.000000, 0.000000, 0.000000
47.7, 0.000000, 0.000000, 0.000000, 0.000000, 0.510000, 0.510000, 0.000000, 0.000000, 0.000000
47.8, 0.000000, 0.000000, 0.000000, 0.000000, 0.510000, 0.510000, 0.000000, 0.000000, 0.000000
47.9, 0.000000, 0.000000, 0.000000, 0.000000, 0.510000, 0.510000, 0.000000, 0.000000, 0.000000
48.0, 0.000000, 0.000000, 0.000000, 0.000000, 0.510000, 0.510000, 0.000000, 0.000000, 0.000000
48.1, 0.000000, 0.000000, 0.000000, 0.000000, 0.510000, 0.510000, 0.000000, 0.000000, 0.000000
48.2, 0.000000, 0.000000, 0.000000, 0.000000, 0.510000, 0.510000, 0.000000, 0.000000, 0.000000
48.3, 0.000000, 0.000000, 0.000000, 0.000000, 0.510000, 0.510000, 0.000000, 0.000000, 0.000000
48.4, 0.000000, 0.000000, 0.000000, 0.000000, 0.510000, 0.510000, 0.000000, 0.000000, 0.000000
48.5, 0.000000, 0.000000, 0.000000, 0.000000, 0.510000, 0.510000, 0.000000, 0.000000, 0.000000
48.6, 0.000000, 0.000000, 0.000000, 0.000000, 0.510000, 0.510000, 0.000000, 0.000000, 0.000000
48.7, 0.000000, 0.000000, 0.000000, 0.000000, 0.510000, 0.510000, 0.000000, 0.000000, 0.000000
48.8, 0.000000, 0.000000, 0.000000, 0.000000, 0.510000, 0.510000, 0.000000, 0.000000, 0.000000
48.9, 0.000000, 0.000000, 0.000000, 0.000000, 0.510000, 0.510000, 0.000000, 0.000000, 0.000000
49.0, 0.000000, 0.000000, 0.000000, 0.000000, 0.510000, 0.510000, 0.000000, 0.000000, 0.000000
49.1, 0.000000, 0.000000, 0.000000, 0.000000, 0.510000, 0.510000, 0.000000, 0.000000, 0.000000
49.2, 0.000000, 0.000000, 0.000000, 0.000000, 0.510000, 0.510000, 0.000000, 0.000000, 0.000000
49.3, 0.000000, 0.000000, 0.000000, 0.000000, 0.510000, 0.510000, 0.000000, 0.000000, 0.000000
49.4, 0.000000, 0.000000, 0.000000, 0.000000, 0.510000, 0.510000, 0.000000, 0.000000, 0.000000
49.5, 0.000000, 0.000000, 0.000000, 0.000000, 0.510000, 0.510000, 0.000000, 0.000000, 0.000000
49.6, 0.000000, 0.000000, 0.000000, 0.000000, 0.510000, 0.510000, 0.000000, 0.000000, 0.000000
49.7, 0.000000, 0.000000, 0.000000, 0.000000, 0.510000, 0.510000, 0.000000, 0.000000, 0.000000
49.8, 0.000000, 0.000000, 0.000000, 0.000000, 0.510000, 0.510000, 0.000000, 0.000000, 0.000000
49.9, 0.000000, 0.000000, 0.000000, 0.000000, 0.510000, 0.510000, 0.000000, 0.000000, 0.000000
50.0, 0.000000, 0.000000, 0.000000, 0.000000, 0.510000, 0.510000, 0.000000, 0.000000, 0.000000
50.1, 0.000000, 0.000000, 0.000000, 0.000000, 0.510000, 0.510000, 0.000000, 0.000000, 0.000000
50.2, 0.000000, 0.000000, 0.000000, 0.000000, 0.510000, 0.510000, 0.000000, 0.000000, 0.000000
50.3, 0.000000, 0.000000, 0.000000, 0.000000, 0.510000, 0.510000, 0.000000, 0.000000, 0.000000
50.4, 0.000000, 0.000000, 0.000000, 0.000000, 0.510000, 0.510000, 0.000000, 0.000000, 0.000000
50.5, 0.000000, 0.000000, 0.000000, 0.000000, 0.510000, 0.510000, 0.000000, 0.000000, 0.000000
50.6, 0.000000, 0.000000, 0.000000, 0.000000, 0.510000, 0.510000, 0.000000, 0.000000, 0.000000
50.7, 0.000000, 0.000000, 0.000000, 0.000000, 0.510000, 0.510000, 0.000000, 0.000000, 0.000000
50.8, 0.000000, 0.000000, 0.000000, 0.000000, 0.510000, 0.510000, 0.000000, 0.000000, 0.000000
50.9, 0.000000, 0.000000, 0.000000, 0.000000, 0.510000, 0.510000, 0.000000, 0.000000, 0.000000
51.0, 0.000000, 0.000000, 0.000000, 0.000000, 0.510000, 0.510000, 0.000000, 0.000000, 0.000000
51.1, 0.000000, 0.000000, 0.000000, 0.000000, 0.510000, 0.510000, 0.000000, 0.000000, 0.000000
51.2, 0.000000, 0.000000, 0.000000, 0.000000, 0.510000, 0.510000, 0.000000, 0.000000, 0.000000
51.3, 0.000000, 0.000000, 0.000000, 0.000000, 0.510000, 0.510000, 0.000000, 0.000000, 0.000000
51.4, 0.000000, 0.000000, 0.000000, 0.000000, 0.510000, 0.510000, 0.000000, 0.000000, 0.000000
51.5, 0.000000, 0.000000, 0.000000, 0.000000, 0.510000, 0.510000, 0.000000, 0.000000, 0.000000
51.6, 0.000000, 0.000000, 0.000000, 0.000000, 0.510000, 0.510000, 0.000000, 0.000000, 0.000000
51.7, 0.000000, 0.000000, 0.000000, 0.000000, 0.510000, 0.510000, 0.000000, 0.000000, 0.000000
51.8, 0.000000, 0.000000, 0.000000, 0.000000, 0.510000, 0.510000, 0.000000, 0.000000, 0.000000
51.9, 0.000000, 0.000000, 0.000000, 0.000000, 0.510000, 0.510000, 0.000000, 0.000000, 0.000000
52.0, 0.000000, 0.000000, 0.000000, 0.000000, 0.510000, 0.510000, 0.000000, 0.000000, 0.000000
52.1, 0.000000, 0.000000, 0.000000, 0.000000, 0.510000, 0.510000, 0.000000, 0.000000, 0.000000
52.2, 0.000000, 0.000000, 0.000000, 0.000000, 0.510000, 0.510000, 0.000000, 0.000000, 0.000000
52.3, 0.000000, 0.000000, 0.000000, 0.000000, 0.510000, 0.510000, 0.000000, 0.000000, 0.000000
52.4, 0.000000, 0.000000, 0.000000, 0.000000, 0.510000, 0.510000, 0.000000, 0.000000, 0.000000
52.5, 0.000000, 0.000000, 0.000000, 0.000000, 0.510000, 0.510000, 0.000000, 0.000000, 0.000000
52.6, 0.000000, 0.000000, 0.000000, 0.000000, 0.510000, 0.510000, 0.000000, 0.000000, 0.000000
52.7, 0.000000, 0.000000, 0.000000, 0.000000, 0.510000, 0.510000, 0.000000, 0.000000, 0.000000
52.8, 0.000000, 0.000000, 0.000000, 0.000000, 0.510000, 0.510000, 0.000000, 0.000000, 0.000000
52.9, 0.000000, 0.000000, 0.000000, 0.000000, 0.510000, 0.510000, 0.000000, 0.000000, 0.000000
53.0, 0.000000, 0.000000, 0.000000, 0.000000, 0.510000, 0.510000, 0.000000, 0.000000, 0.000000
53.1, 0.000000, 0.000000, 0.000000, 0.000000, 0.510000, 0.510000, 0.000000, 0.000000, 0.000000
53.2, 0.000000, 0.000000, 0.000000, 0.000000, 0.510000, 0.510000, 0.000000, 0.000000, 0.000000
53.3, 0.000000, 0.000000, 0.000000, 0.000000, 0.510000, 0.510000, 0.000000, 0.000000, 0.000000
53.4, 0.000000, 0.000000, 0.000000, 0.000000, 0.510000, 0.510000, 0.000000, 0.000000, 0.000000
53.5, 0.000000, 0.000000, 0.000000, 0.000000, 0.510000, 0.510000, 0.000000, 0.000000, 0.000000
53.6, 0.000000, 0.000000, 0.000000, 0.000000, 0.510000, 0.510000, 0.000000, 0.000000, 0.000000
53.7, 0.000000, 0.000000, 0.000000, 0.000000, 0.510000, 0.510000, 0.000000, 0.000000, 0.000000
53.8, 0.000000, 0.000000, 0.000000, 0.000000, 0.510000, 0.510000, 0.000000, 0.000000, 0.000000
53.9, 0.000000, 0.000000, 0.000000, 0.000000, 0.510000, 0.510000, 0.000000, 0.000000, 0.000000
54.0, 0.000000, 0.000000, 0.000000, 0.000000, 0.510000, 0.510000, 0.000000, 0.000000, 0.000000
54.1, 0.000000, 0.000000, 0.000000, 0.000000, 0.510000, 0.510000, 0.000000, 0.000000, 0.000000
54.2, 0.000000, 0.000000, 0.000000, 0.000000, 0.510000, 0.510000, 0.000000, 0.000000, 0.000000
54.3, 0.000000, 0.000000, 0.000000, 0.000000, 0.510000, 0.510000, 0.000000, 0.000000, 0.000000
54.4, 0.000000, 0.000000, 0.000000, 0.000000, 0.510000, 0.510000, 0.000000, 0.000000, 0.000000
54.5, 0.000000, 0.000000, 0.000000, 0.000000, 0.510000, 0.510000, 0.000000, 0.000000, 0.000000
54.6, 0.000000, 0.000000, 0.000000, 0.000000, 0.510000, 0.510000, 0.000000, 0.000000, 0.000000
54.7, 0.000000, 0.000000, 0.000000, 0.000000, 0.510000, 0.510000, 0.000000, 0.000000, 0.000000
54.8, 0.000000, 0.000000, 0.000000, 0.000000, 0.510000, 0.510000, 0.000000, 0.000000, 0.000000
54.9, 0.000000, 0.000000, 0.000000, 0.000000, 0.510000, 0.510000, 0.000000, 0.000000, 0.000000
55.0, 0.000000, 0.000000, 0.000000, 0.000000, 0.510000, 0.510000, 0.000000, 0.000000, 0.000000
55.1, 0.000000, 0.000000, 0.000000, 0.000000, 0.510000, 0.510000, 0.000000, 0.000000, 0.000000
55.2, 0.000000, 0.000000, 0.000000, 0.000000, 0.510000, 0.510000, 0.000000, 0.000000, 0.000000
55.3, 0.000000, 0.000000, 0.000000, 0.000000, 0.510000, 0.510000, 0.000000, 0.000000, 0.000000
55.4, 0.000000, 0.000000, 0.000000, 0.000000, 0.510000, 0.510000, 0.000000, 0.000000, 0.000000
55.5, 0.000000, 0.000000, 0.000000, 0.000000, 0.510000, 0.510000, 0.000000, 0.000000, 0.000000
55.6, 0.000000, 0.000000, 0.000000, 0.000000, 0.510000, 0.510000, 0.000000, 0.000000, 0.000000
55.7, 0.000000, 0.000000, 0.000000, 0.000000, 0.510000, 0.510000, 0.000000, 0.000000, 0.000000
55.8, 0.000000, 0.000000, 0.000000, 0.000000, 0.510000, 0.510000, 0.000000, 0.000000, 0.000000
55.9, 0.000000, 0.000000, 0.000000, 0.000000, 0.510000, 0.510000, 0.000000, 0.000000, 0.000000
56.0, 0.000000, 0.000000, 0.000000, 0.000000, 0.510000, 0.510000, 0.000000, 0.000000, 0.000000
56.1, 0.000000, 0.000000, 0.000000, 0.000000, 0.510000, 0.510000, 0.000000, 0.000000, 0.000000
56.2, 0.000000, 0.000000, 0.000000, 0.000000, 0.510000, 0.510000, 0.000000, 0.000000, 0.000000
56.3, 0.000000, 0.000000, 0.000000, 0.000000, 0.510000, 0.510000, 0.000000, 0.000000, 0.000000
56.4, 0.000000, 0.000000, 0.000000, 0.000000, 0.510000, 0.510000, 0.000000, 0.000000, 0.000000
56.5, 0.000000, 0.000000, 0.000000, 0.000000, 0.510000, 0.510000, 0.000000, 0.000000, 0.000000
56.6, 0.000000, 0.000000, 0.000000, 0.000000, 0.510000, 0.510000, 0.000000, 0.000000, 0.000000
56.7, 0.000000, 0.000000, 0.000000, 0.000000, 0.510000, 0.510000, 0.000000, 0.000000, 0.000000
56.8, 0.000000, 0.000000, 0.000000, 0.000000, 0.510000, 0.510000, 0.000000, 0.000000, 0.000000
56.9, 0.000000, 0.000000, 0.000000, 0.000000, 0.510000, 0.510000, 0.000000, 0.000000, 0.000000
57.0, 0.000000, 0.000000, 0.000000, 0.000000, 0.510000, 0.510000, 0.000000, 0.000000, 0.000000
57.1, 0.000000, 0.000000, 0.000000, 0.000000, 0.510000, 0.510000, 0.000000, 0.000000, 0.000000
57.2, 0.000000, 0.000000, 0.000000, 0.000000, 0.510000, 0.510000, 0.000000, 0.000000, 0.000000
57.3, 0.000000, 0.000000, 0.000000, 0.000000, 0.510000, 0.510000, 0.000000, 0.000000, 0.000000
57.4, 0.000000, 0.000000, 0.000000, 0.000000, 0.510000, 0.510000, 0.000000, 0.000000, 0.000000
57.5, 0.000000, 0.000000, 0.000000, 0.000000, 0.510000, 0.510000, 0.000000, 0.000000, 0.000000
57.6, 0.000000, 0.000000, 0.000000, 0.000000, 0.510000, 0.510000, 0.000000, 0.000000, 0.000000
57.7, 0.000000, 0.000000, 0.000000, 0.000000, 0.510000, 0.510000, 0.000000, 0.000000, 0.000000
57.8, 0.000000, 0.000000, 0.000000, 0.000000, 0.510000, 0.510000, 0.000000, 0.000000, 0.000000
57.9, 0.000000, 0.000000, 0.000000, 0.000000, 0.510000, 0.510000, 0.000000, 0.000000, 0.000000
58.0, 0.000000, 0.000000, 0.000000, 0.000000, 0.510000, 0.510000, 0.000000, 0.000000, 0.000000
58.1, 0.000000, 0.000000, 0.000000, 0.000000, 0.510000, 0.510000, 0.000000, 0.000000, 0.000000
58.2, 0.000000, 0.000000, 0.000000, 0.000000, 0.510000, 0.510000, 0.000000, 0.000000, 0.000000
58.3, 0.000000, 0.000000, 0.000000, 0.000000, 0.510000, 0.510000, 0.000000, 0.000000, 0.000000
58.4, 0.000000, 0.000000, 0.000000, 0.000000, 0.510000, 0.510000, 0.000000, 0.000000, 0.000000
58.5, 0.000000, 0.000000, 0.000000, 0.000000, 0.510000, 0.510000, 0.000000, 0.000000, 0.000000
58.6, 0.000000, 0.000000, 0.000000, 0.000000, 0.510000, 0.510000, 0.000000, 0.000000, 0.000000
58.7, 0.000000, 0.000000, 0.000000, 0.000000, 0.510000, 0.510000, 0.000000, 0.000000, 0.000000
58.8, 0.000000, 0.000000, 0.000000, 0.000000, 0.510000, 0.510000, 0.000000, 0.000000, 0.000000
58.9, 0.000000, 0.000000, 0.000000, 0.000000, 0.510000, 0.510000, 0.000000, 0.000000, 0.000000
59.0, 0.000000, 0.000000, 0.000000, 0.000000, 0.510000, 0.510000, 0.000000, 0.000000, 0.000000
59.1, 0.000000, 0.000000, 0.000000, 0.000000, 0.510000, 0.510000, 0.000000, 0.000000, 0.000000
59.2, 0.000000, 0.000000, 0.000000, 0.000000, 0.510000, 0.510000, 0.000000, 0.000000, 0.000000
59.3, 0.000000, 0.000000, 0.000000, 0.000000, 0.510000, 0.510000, 0.000000, 0.000000, 0.000000
59.4, 0.000000, 0.000000, 0.000000, 0.000000, 0.510000, 0.510000, 0.000000, 0.000000, 0.000000
59.5, 0.000000, 0.000000, 0.000000, 0.000000, 0.510000, 0.510000, 0.000000, 0.000000, 0.000000
59.6, 0.000000, 0.000000, 0.000000, 0.000000, 0.510000, 0.510000, 0.000000, 0.000000, 0.000000
59.7, 0.000000, 0.000000, 0.000000, 0.000000, 0.510000, 0.510000, 0.000000, 0.000000, 0.000000
59.8, 0.000000, 0.000000, 0.000000, 0.000000, 0.510000, 0.510000, 0.000000, 0.000000, 0.000000
59.9, 0.000000, 0.000000, 0.000000, 0.000000, 0.510000, 0.510000, 0.000000, 0.000000, 0.000000
60.0, 0.000000, 0.000000, 0.000000, 0.000000, 0.510000, 0.510000, 0.000000, 0.000000, 0.000000
60.1, 0.000000, 0.000000, 0.000000, 0.000000, 0.510000, 0.510000, 0.000000, 0.000000, 0.000000
60.2, 0.000000, 0.000000, 0.000000, 0.000000, 0.510000, 0.510000, 0.000000, 0.000000, 0.000000
60.3, 0.000000, 0.000000, 0.000000, 0.000000, 0.510000, 0.510000, 0.000000, 0.000000, 0.000000
60.4, 0.000000, 0.000000, 0.000000, 0.000000, 0.510000, 0.510000, 0.000000, 0.000000, 0.000000
60.5, 0.000000, 0.000000, 0.000000, 0.000000, 0.510000, 0.510000, 0.000000, 0.000000, 0.000000
60.6, 0.000000, 0.000000, 0.000000, 0.000000, 0.510000, 0.510000, 0.000000, 0.000000, 0.000000
60.7, 0.000000, 0.000000, 0.000000, 0.000000, 0.510000, 0.510000, 0.000000, 0.000000, 0.000000
60.8, 0.000000, 0.000000, 0.000000, 0.000000, 0.510000, 0.510000, 0.000000, 0.000000, 0.000000
60.9, 0.000000, 0.000000, 0.000000, 0.000000, 0.510000, 0.510000, 0.000000, 0.000000, 0.000000
61.0, 0.000000, 0.000000, 0.000000, 0.000000, 0.510000, 0.510000, 0.000000, 0.000000, 0.000000
61.1, 0.000000, 0.000000, 0.000000, 0.000000, 0.510000, 0.510000, 0.000000, 0.000000, 0.000000
61.2, 0.000000, 0.000000, 0.000000, 0.000000, 0.510000, 0.510000, 0.000000, 0.000000, 0.000000
61.3, 0.000000, 0.000000, 0.000000, 0.000000, 0.510000, 0.510000, 0.000000, 0.000000, 0.000000
61.4, 0.000000, 0.000000, 0.000000, 0.000000, 0.510000, 0.510000, 0.000000, 0.000000, 0.000000
61.5, 0.000000, 0.000000, 0.000000, 0.000000, 0.510000, 0.510000, 0.000000, 0.000000, 0.000000
61.6, 0.000000, 0.000000, 0.000000, 0.000000, 0.510000, 0.510000, 0.000000, 0.000000, 0.000000
61.7, 0.000000, 0.000000, 0.000000, 0.000000, 0.510000, 0.510000, 0.000000, 0.000000, 0.000000
61.8, 0.000000, 0.000000, 0.000000, 0.000000, 0.510000, 0.510000, 0.000000, 0.000000, 0.000000
61.9, 0.000000, 0.000000, 0.000000, 0.000000, 0.510000, 0.510000, 0.000000, 0.000000, 0.000000
62.0, 0.000000, 0.000000, 0.000000, 0.000000, 0.510000, 0.510000, 0.000000, 0.000000, 0.000000
62.1, 0.000000, 0.000000, 0.000000, 0.000000, 0.510000, 0.510000, 0.000000, 0.000000, 0.000000
62.2, 0.000000, 0.000000, 0.000000, 0.000000, 0.510000, 0.510000, 0.000000, 0.000000, 0.000000
62.3, 0.000000, 0.000000, 0.000000, 0.000000, 0.510000, 0.510000, 0.000000, 0.000000, 0.000000
62.4, 0.000000, 0.000000, 0.000000, 0.000000, 0.510000, 0.510000, 0.000000, 0.000000, 0.000000
62.5, 0.000000, 0.000000, 0.000000, 0.000000, 0.510000, 0.510000, 0.000000, 0.000000, 0.000000
62.6, 0.000000, 0.000000, 0.000000, 0.000000, 0.510000, 0.510000, 0.000000, 0.000000, 0.000000
62.7, 0.000000, 0.000000, 0.000000, 0.000000, 0.510000, 0.510000, 0.000000, 0.000000, 0.000000
62.8, 0.000000, 0.000000, 0.000000, 0.000000, 0.510000, 0.510000, 0.000000, 0.000000, 0.000000
62.9, 0.000000, 0.000000, 0.000000, 0.000000, 0.510000, 0.510000, 0.000000, 0.000000, 0.000000
63.0, 0.000000, 0.000000, 0.000000, 0.000000, 0.510000, 0.510000, 0.000000, 0.000000, 0.000000
63.1, 0.000000, 0.000000, 0.000000, 0.000000, 0.510000, 0.510000, 0.000000, 0.000000, 0.000000
63.2, 0.000000, 0.000000, 0.000000, 0.000000, 0.510000, 0.510000, 0.000000, 0.000000, 0.000000
63.3, 0.000000, 0.000000, 0.000000, 0.000000, 0.510000, 0.510000, 0.000000, 0.000000, 0.000000
63.4, 0.000000, 0.000000, 0.000000, 0.000000, 0.510000, 0.510000, 0.000000, 0.000000, 0.000000
63.5, 0.000000, 0.000000, 0.000000, 0.000000, 0.510000, 0.510000, 0.000000, 0.000000, 0.000000
63.6, 0.000000, 0.000000, 0.000000, 0.000000, 0.510000, 0.510000, 0.000000, 0.000000, 0.000000
63.7, 0.000000, 0.000000, 0.000000, 0.000000, 0.510000, 0.510000, 0.000000, 0.000000, 0.000000
63.8, 0.000000, 0.000000, 0.000000, 0.000000, 0.510000, 0.510000, 0.000000, 0.000000, 0.000000
63.9, 0.000000, 0.000000, 0.000000, 0.000000, 0.510000, 0.510000, 0.000000, 0.000000, 0.000000
64.0, 0.000000, 0.000000, 0.000000, 0.000000, 0.510000, 0.510000, 0.000000, 0.000000, 0.000000
64.1, 0.000000, 0.000000, 0.000000, 0.000000, 0.510000, 0.510000, 0.000000, 0.000000, 0.000000
64.2, 0.000000, 0.000000, 0.000000, 0.000000, 0.510000, 0.510000, 0.000000, 0.000000, 0.000000
64.3, 0.000000, 0.000000, 0.000000, 0.000000, 0.510000, 0.510000, 0.000000, 0.000000, 0.000000
64.4, 0.000000, 0.000000, 0.000000, 0.000000, 0.510000, 0.510000, 0.000000, 0.000000, 0.000000
64.5, 0.000000, 0.000000, 0.000000, 0.000000, 0.510000, 0.510000, 0.000000, 0.000000, 0.000000
64.6, 0.000000, 0.000000, 0.000000, 0.000000, 0.510000, 0.510000, 0.000000, 0.000000, 0.000000
64.7, 0.000000, 0.000000, 0.000000, 0.000000, 0.510000, 0.510000, 0.000000, 0.000000, 0.000000
64.8, 0.000000, 0.000000, 0.000000, 0.000000, 0.510000, 0.510000, 0.000000, 0.000000, 0.000000
64.9, 0.000000, 0.000000, 0.000000, 0.000000, 0.510000, 0.510000, 0.000000, 0.000000, 0.000000
65.0, 0.000000, 0.000000, 0.000000, 0.000000, 0.510000, 0.510000, 0.000000, 0.000000, 0.000000
65.1, 0.000000, 0.000000, 0.000000, 0.000000, 0.510000, 0.510000, 0.000000, 0.000000, 0.000000
65.2, 0.000000, 0.000000, 0.000000, 0.000000, 0.510000, 0.510000, 0.000000, 0.000000, 0.000000
65.3, 0.000000, 0.000000, 0.000000, 0.000000, 0.510000, 0.510000, 0.000000, 0.000000, 0.000000
65.4, 0.000000, 0.000000, 0.000000, 0.000000, 0.510000, 0.510000, 0.000000, 0.000000, 0.000000
65.5, 0.000000, 0.000000, 0.000000, 0.000000, 0.510000, 0.510000, 0.000000, 0.000000, 0.000000
65.6, 0.000000, 0.000000, 0.000000, 0.000000, 0.510000, 0.510000, 0.000000, 0.000000, 0.000000
65.7, 0.000000, 0.000000, 0.000000, 0.000000, 0.510000, 0.510000, 0.000000, 0.000000, 0.000000
65.8, 0.000000, 0.000000, 0.000000, 0.000000, 0.510000, 0.510000, 0.000000, 0.000000, 0.000000
65.9, 0.000000, 0.000000, 0.000000, 0.000000, 0.510000, 0.510000, 0.000000, 0.000000, 0.000000
66.0, 0.000000, 0.000000, 0.000000, 0.000000, 0.510000, 0.510000, 0.000000, 0.000000, 0.000000
66.1, 0.000000, 0.000000, 0.000000, 0.000000, 0.510000, 0.510000, 0.000000, 0.000000, 0.000000
66.2, 0.000000, 0.000000, 0.000000, 0.000000, 0.510000, 0.510000, 0.000000, 0.000000, 0.000000
66.3, 0.000000, 0.000000, 0.000000, 0.000000, 0.510000, 0.510000, 0.000000, 0.000000, 0.000000
66.4, 0.000000, 0.000000, 0.000000, 0.000000, 0.510000, 0.510000, 0.000000, 0.000000, 0.000000
66.5, 0.000000, 0.000000, 0.000000, 0.000000, 0.510000, 0.510000, 0.000000, 0.000000, 0.000000
66.6, 0.000000, 0.000000, 0.000000, 0.000000, 0.510000, 0.510000, 0.000000, 0.000000, 0.000000
66.7, 0.000000, 0.000000, 0.000000, 0.000000, 0.510000, 0.510000, 0.000000, 0.000000, 0.000000
66.8, 0.000000, 0.000000, 0.000000, 0.000000, 0.510000, 0.510000, 0.000000, 0.000000, 0.000000
66.9, 0.000000, 0.000000, 0.000000, 0.000000, 0.510000, 0.510000, 0.000000, 0.000000, 0.000000
67.0, 0.000000, 0.000000, 0.000000, 0.000000, 0.510000, 0.510000, 0.000000, 0.000000, 0.000000
67.1, 0.000000, 0.000000, 0.000000, 0.000000, 0.510000, 0.510000, 0.000000, 0.000000, 0.000000
67.2, 0.000000, 0.000000, 0.000000, 0.000000, 0.510000, 0.510000, 0.000000, 0.000000, 0.000000
67.3, 0.000000, 0.000000, 0.000000, 0.000000, 0.510000, 0.510000, 0.000000, 0.000000, 0.000000
67.4, 0.000000, 0.000000, 0.000000, 0.000000, 0.510000, 0.510000, 0.000000, 0.000000, 0.000000
67.5, 0.000000, 0.000000, 0.000000, 0.000000, 0.510000, 0.510000, 0.000000, 0.000000, 0.000000
67.6, 0.000000, 0.000000, 0.000000, 0.000000, 0.510000, 0.510000, 0.000000, 0.000000, 0.000000
67.7, 0.000000, 0.000000, 0.000000, 0.000000, 0.510000, 0.510000, 0.000000, 0.000000, 0.000000
67.8, 0.000000, 0.000000, 0.000000, 0.000000, 0.510000, 0.510000, 0.000000, 0.000000, 0.000000
67.9, 0.000000, 0.000000, 0.000000, 0.000000, 0.510000, 0.510000, 0.000000, 0.000000, 0.000000
68.0, 0.000000, 0.000000, 0.000000, 0.000000, 0.510000, 0.510000, 0.000000, 0.000000, 0.000000
68.1, 0.000000, 0.000000, 0.000000, 0.000000, 0.510000, 0.510000, 0.000000, 0.000000, 0.000000
68.2, 0.000000, 0.000000, 0.000000, 0.000000, 0.510000, 0.510000, 0.000000, 0.000000, 0.000000
68.3, 0.000000, 0.000000, 0.000000, 0.000000, 0.510000, 0.510000, 0.000000, 0.000000, 0.000000
68.4, 0.000000, 0.000000, 0.000000, 0.000000, 0.510000, 0.510000, 0.000000, 0.000000, 0.000000
68.5, 0.000000, 0.000000, 0.000000, 0.000000, 0.510000, 0.510000, 0.000000, 0.000000, 0.000000
68.6, 0.000000, 0.000000, 0.000000, 0.000000, 0.510000, 0.510000, 0.000000, 0.000000, 0.000000
68.7, 0.000000, 0.000000, 0.000000, 0.000000, 0.510000, 0.510000, 0.000000, 0.000000, 0.000000
68.8, 0.000000, 0.000000, 0.000000, 0.000000, 0.510000, 0.510000, 0.000000, 0.000000, 0.000000
68.9, 0.000000, 0.000000, 0.000000, 0.000000, 0.510000, 0.510000, 0.000000, 0.000000, 0.000000
69.0, 0.000000, 0.000000, 0.000000, 0.000000, 0.510000, 0.510000, 0.000000, 0.000000, 0.000000
69.1, 0.000000, 0.000000, 0.000000, 0.000000, 0.510000, 0.510000, 0.000000, 0.000000, 0.000000
69.2, 0.000000, 0.000000, 0.000000, 0.000000, 0.510000, 0.510000, 0.000000, 0.000000, 0.000000
69.3, 0.000000, 0.000000, 0.000000, 0.000000, 0.510000, 0.510000, 0.000000, 0.000000, 0.000000
69.4, 0.000000, 0.000000, 0.000000, 0.000000, 0.510000, 0.510000, 0.000000, 0.000000, 0.000000
69.5, 0.000000, 0.000000, 0.000000, 0.000000, 0.510000, 0.510000, 0.000000, 0.000000, 0.000000
69.6, 0.000000, 0.000000, 0.000000, 0.000000, 0.510000, 0.510000, 0.000000, 0.000000, 0.000000
69.7, 0.000000, 0.000000, 0.000000, 0.000000, 0.510000, 0.510000, 0.000000, 0.000000, 0.000000
69.8, 0.000000, 0.000000, 0.000000, 0.000000, 0.510000, 0.510000, 0.000000, 0.000000, 0.000000
69.9, 0.000000, 0.000000, 0.000000, 0.000000, 0.510000, 0.510000, 0.000000, 0.000000, 0.000000
70.0, 0.000000, 0.000000, 0.000000, 0.000000, 0.510000, 0.510000, 0.000000, 0.000000, 0.000000
70.1, 0.000000, 0.000000, 0.000000, 0.000000, 0.510000, 0.510000, 0.000000, 0.000000, 0.000000
70.2, 0.000000, 0.000000, 0.000000, 0.000000, 0.510000, 0.510000, 0.000000, 0.000000, 0.000000
70.3, 0.000000, 0.000000, 0.000000, 0.000000, 0.510000, 0.510000, 0.000000, 0.000000, 0.000000
70.4, 0.000000, 0.000000, 0.000000, 0.000000, 0.510000, 0.510000, 0.000000, 0.000000, 0.000000
70.5, 0.000000, 0.000000, 0.000000, 0.000000, 0.510000, 0.510000, 0.000000, 0.000000, 0.000000
70.6, 0.000000, 0.000000, 0.000000, 0.000000, 0.510000, 0.510000, 0.000000, 0.000000, 0.000000
70.7, 0.000000, 0.000000, 0.000000, 0.000000, 0.510000, 0.510000, 0.000000, 0.000000, 0.000000
70.8, 0.000000, 0.000000, 0.000000, 0.000000, 0.510000, 0.510000, 0.000000, 0.000000, 0.000000
70.9, 0.000000, 0.000000, 0.000000, 0.000000, 0.510000, 0.510000, 0.000000, 0.000000, 0.000000
71.0, 0.000000, 0.000000, 0.000000, 0.000000, 0.510000, 0.510000, 0.000000, 0.000000, 0.000000
71.1, 0.000000, 0.000000, 0.000000, 0.000000, 0.510000, 0.510000, 0.000000, 0.000000, 0.000000
71.2, 0.000000, 0.000000, 0.000000, 0.000000, 0.510000, 0.510000, 0.000000, 0.000000, 0.000000
71.3, 0.000000, 0.000000, 0.000000, 0.000000, 0.510000, 0.510000, 0.000000, 0.000000, 0.000000
71.4, 0.000000, 0.000000, 0.000000, 0.000000, 0.510000, 0.510000, 0.000000, 0.000000, 0.000000
71.5, 0.000000, 0.000000, 0.000000, 0.000000, 0.510000, 0.510000, 0.000000, 0.000000, 0.000000
71.6, 0.000000, 0.000000, 0.000000, 0.000000, 0.510000, 0.510000, 0.000000, 0.000000, 0.000000
71.7, 0.000000, 0.000000, 0.000000, 0.000000, 0.510000, 0.510000, 0.000000, 0.000000, 0.000000
71.8, 0.000000, 0.000000, 0.000000, 0.000000, 0.510000, 0.510000, 0.000000, 0.000000, 0.000000
71.9, 0.000000, 0.000000, 0.000000, 0.000000, 0.510000, 0.510000, 0.000000, 0.000000, 0.000000
72.0, 0.000000, 0.000000, 0.000000, 0.000000, 0.510000, 0.510000, 0.000000, 0.000000, 0.000000
72.1, 0.000000, 0.000000, 0.000000, 0.000000, 0.510000, 0.510000, 0.000000, 0.000000, 0.000000
72.2, 0.000000, 0.000000, 0.000000, 0.000000, 0.510000, 0.510000, 0.000000, 0.000000, 0.000000
72.3, 0.000000, 0.000000, 0.000000, 0.000000, 0.510000, 0.510000, 0.000000, 0.000000, 0.000000
72.4, 0.000000, 0.000000, 0.000000, 0.000000, 0.510000, 0.510000, 0.000000, 0.000000, 0.000000
72.5, 0.000000, 0.000000, 0.000000, 0.000000, 0.510000, 0.510000, 0.000000, 0.000000, 0.000000
72.6, 0.000000, 0.000000, 0.000000, 0.000000, 0.510000, 0.510000, 0.000000, 0.000000, 0.000000
72.7, 0.000000, 0.000000, 0.000000, 0.000000, 0.510000, 0.510000, 0.000000, 0.000000, 0.000000
72.8, 0.000000, 0.000000, 0.000000, 0.000000, 0.510000, 0.510000, 0.000000, 0.000000, 0.000000
72.9, 0.000000, 0.000000, 0.000000, 0.000000, 0.510000, 0.510000, 0.000000, 0.000000, 0.000000
73.0, 0.000000, 0.000000, 0.000000, 0.000000, 0.510000, 0.510000, 0.000000, 0.000000, 0.000000
73.1, 0.000000, 0.000000, 0.000000, 0.000000, 0.510000, 0.510000, 0.000000, 0.000000, 0.000000
73.2, 0.000000, 0.000000, 0.000000, 0.000000, 0.510000, 0.510000, 0.000000, 0.000000, 0.000000
73.3, 0.000000, 0.000000, 0.000000, 0.000000, 0.510000, 0.510000, 0.000000, 0.000000, 0.000000
73.4, 0.000000, 0.000000, 0.000000, 0.000000, 0.510000, 0.510000, 0.000000, 0.000000, 0.000000
73.5, 0.000000, 0.000000, 0.000000, 0.000000, 0.510000, 0.510000, 0.000000, 0.000000, 0.000000
73.6, 0.000000, 0.000000, 0.000000, 0.000000, 0.510000, 0.510000, 0.000000, 0.000000, 0.000000
73.7, 0.000000, 0.000000, 0.000000, 0.000000, 0.510000, 0.510000, 0.000000, 0.000000, 0.000000
73.8, 0.000000, 0.000000, 0.000000, 0.000000, 0.510000, 0.510000, 0.000000, 0.000000, 0.000000
73.9, 0.000000, 0.000000, 0.000000, 0.000000, 0.510000, 0.510000, 0.000000, 0.000000, 0.000000
74.0, 0.000000, 0.000000, 0.000000, 0.000000, 0.510000, 0.510000, 0.000000, 0.000000, 0.000000
74.1, 0.000000, 0.000000, 0.000000, 0.000000, 0.510000, 0.510000, 0.000000, 0.000000, 0.000000
74.2, 0.000000, 0.000000, 0.000000, 0.000000, 0.510000, 0.510000, 0.000000, 0.000000, 0.000000
74.3, 0.000000, 0.000000, 0.000000, 0.000000, 0.510000, 0.510000, 0.000000, 0.000000, 0.000000
74.4, 0.000000, 0.000000, 0.000000, 0.000000, 0.510000, 0.510000, 0.000000, 0.000000, 0.000000
74.5, 0.000000, 0.000000, 0.000000, 0.000000, 0.510000, 0.510000, 0.000000, 0.000000, 0.000000
74.6, 0.000000, 0.000000, 0.000000, 0.000000, 0.510000, 0.510000, 0.000000, 0.000000, 0.000000
74.7, 0.000000, 0.000000, 0.000000, 0.000000, 0.510000, 0.510000, 0.000000, 0.000000, 0.000000
74.8, 0.000000, 0.000000, 0.000000, 0.000000, 0.510000, 0.510000, 0.000000, 0.000000, 0.000000
74.9, 0.000000, 0.000000, 0.000000, 0.000000, 0.510000, 0.510000, 0.000000, 0.000000, 0.000000
75.0, 0.000000, 0.000000, 0.000000, 0.000000, 0.510000, 0.510000, 0.000000, 0.000000, 0.000000
75.1, 0.000000, 0.000000, 0.000000, 0.000000, 0.510000, 0.510000, 0.000000, 0.000000, 0.000000
75.2, 0.000000, 0.000000, 0.000000, 0.000000, 0.510000, 0.510000, 0.000000, 0.000000, 0.000000
75.3, 0.000000, 0.000000, 0.000000, 0.000000, 0.510000, 0.510000, 0.000000, 0.000000, 0.000000
75.4, 0.000000, 0.000000, 0.000000, 0.000000, 0.510000, 0.510000, 0.000000, 0.000000, 0.000000
75.5, 0.000000, 0.000000, 0.000000, 0.000000, 0.510000, 0.510000, 0.000000, 0.000000, 0.000000
75.6, 0.000000, 0.000000, 0.000000, 0.000000, 0.510000, 0.510000, 0.000000, 0.000000, 0.000000
75.7, 0.000000, 0.000000, 0.000000, 0.000000, 0.510000, 0.510000, 0.000000, 0.000000, 0.000000
75.8, 0.000000, 0.000000, 0.000000, 0.000000, 0.510000, 0.510000, 0.000000, 0.000000, 0.000000
75.9, 0.000000, 0.000000, 0.000000, 0.000000, 0.510000, 0.510000, 0.000000, 0.000000, 0.000000
76.0, 0.000000, 0.000000, 0.000000, 0.000000, 0.510000, 0.510000, 0.000000, 0.000000, 0.000000
76.1, 0.000000, 0.000000, 0.000000, 0.000000, 0.510000, 0.510000, 0.000000, 0.000000, 0.000000
76.2, 0.000000, 0.000000, 0.000000, 0.000000, 0.510000, 0.510000, 0.000000, 0.000000, 0.000000
76.3, 0.000000, 0.000000, 0.000000, 0.000000, 0.510000, 0.510000, 0.000000, 0.000000, 0.000000
76.4, 0.000000, 0.000000, 0.000000, 0.000000, 0.510000, 0.510000, 0.000000, 0.000000, 0.000000
76.5, 0.000000, 0.000000, 0.000000, 0.000000, 0.510000, 0.510000, 0.000000, 0.000000, 0.000000
76.6, 0.000000, 0.000000, 0.000000, 0.000000, 0.510000, 0.510000, 0.000000, 0.000000, 0.000000
76.7, 0.000000, 0.000000, 0.000000, 0.000000, 0.510000, 0.510000, 0.000000, 0.000000, 0.000000
76.8, 0.000000, 0.000000, 0.000000, 0.000000, 0.510000, 0.510000, 0.000000, 0.000000, 0.000000
76.9, 0.000000, 0.000000, 0.000000, 0.000000, 0.510000, 0.510000, 0.000000, 0.000000, 0.000000
77.0, 0.000000, 0.000000, 0.000000, 0.000000, 0.510000, 0.510000, 0.000000, 0.000000, 0.000000
77.1, 0.000000, 0.000000, 0.000000, 0.000000, 0.510000, 0.510000, 0.000000, 0.000000, 0.000000
77.2, 0.000000, 0.000000, 0.000000, 0.000000, 0.510000, 0.510000, 0.000000, 0.000000, 0.000000
77.3, 0.000000, 0.000000, 0.000000, 0.000000, 0.510000, 0.510000, 0.000000, 0.000000, 0.000000
77.4, 0.000000, 0.000000, 0.000000, 0.000000, 0.510000, 0.510000, 0.000000, 0.000000, 0.000000
77.5, 0.000000, 0.000000, 0.000000, 0.000000, 0.510000, 0.510000, 0.000000, 0.000000, 0.000000
77.6, 0.000000, 0.000000, 0.000000, 0.000000, 0.510000, 0.510000, 0.000000, 0.000000, 0.000000
77.7, 0.000000, 0.000000, 0.000000, 0.000000, 0.510000, 0.510000, 0.000000, 0.000000, 0.000000
77.8, 0.000000, 0.000000, 0.000000, 0.000000, 0.510000, 0.510000, 0.000000, 0.000000, 0.000000
77.9, 0.000000, 0.000000, 0.000000, 0.000000, 0.510000, 0.510000, 0.000000, 0.000000, 0.000000
78.0, 0.000000, 0.000000, 0.000000, 0.000000, 0.510000, 0.510000, 0.000000, 0.000000, 0.000000
78.1, 0.000000, 0.000000, 0.000000, 0.000000, 0.510000, 0.510000, 0.000000, 0.000000, 0.000000
78.2, 0.000000, 0.000000, 0.000000, 0.000000, 0.510000, 0.510000, 0.000000, 0.000000, 0.000000
78.3, 0.000000, 0.000000, 0.000000, 0.000000, 0.510000, 0.510000, 0.000000, 0.000000, 0.000000
78.4, 0.000000, 0.000000, 0.000000, 0.000000, 0.510000, 0.510000, 0.000000, 0.000000, 0.000000
78.5, 0.000000, 0.000000, 0.000000, 0.000000, 0.510000, 0.510000, 0.000000, 0.000000, 0.000000
78.6, 0.000000, 0.000000, 0.000000, 0.000000, 0.510000, 0.510000, 0.000000, 0.000000, 0.000000
78.7, 0.000000, 0.000000, 0.000000, 0.000000, 0.510000, 0.510000, 0.000000, 0.000000, 0.000000
78.8, 0.000000, 0.000000, 0.000000, 0.000000, 0.510000, 0.510000, 0.000000, 0.000000, 0.000000
78.9, 0.000000, 0.000000, 0.000000, 0.000000, 0.510000, 0.510000, 0.000000, 0.000000, 0.000000
79.0, 0.000000, 0.000000, 0.000000, 0.000000, 0.510000, 0.510000, 0.000000, 0.000000, 0.000000
79.1, 0.000000, 0.000000, 0.000000, 0.000000, 0.510000, 0.510000, 0.000000, 0.000000, 0.000000
79.2, 0.000000, 0.000000, 0.000000, 0.000000, 0.510000, 0.510000, 0.000000, 0.000000, 0.000000
79.3, 0.000000, 0.000000, 0.000000, 0.000000, 0.510000, 0.510000, 0.000000, 0.000000, 0.000000
79.4, 0.000000, 0.000000, 0.000000, 0.000000, 0.510000, 0.510000, 0.000000, 0.000000, 0.000000
79.5, 0.000000, 0.000000, 0.000000, 0.000000, 0.510000, 0.510000, 0.000000, 0.000000, 0.000000
79.6, 0.000000, 0.000000, 0.000000, 0.000000, 0.510000, 0.510000, 0.000000, 0.000000, 0.000000
79.7, 0.000000, 0.000000, 0.000000, 0.000000, 0.510000, 0.510000, 0.000000, 0.000000, 0.000000
79.8, 0.000000, 0.000000, 0.000000, 0.000000, 0.510000, 0.510000, 0.000000, 0.000000, 0.000000
79.9, 0.000000, 0.000000, 0.000000, 0.000000, 0.510000, 0.510000, 0.000000, 0.000000, 0.000000
80.0, 0.000000, 0.000000, 0.000000, 0.000000, 0.510000, 0.510000, 0.000000, 0.000000, 0.000000
80.1, 0.000000, 0.000000, 0.000000, 0.000000, 0.510000, 0.510000, 0.000000, 0.000000, 0.000000
80.2, 0.000000, 0.000000, 0.000000, 0.000000, 0.510000, 0.510000, 0.000000, 0.000000, 0.000000
80.3, 0.000000, 0.000000, 0.000000, 0.000000, 0.510000, 0.510000, 0.000000, 0.000000, 0.000000
80.4, 0.000000, 0.000000, 0.000000, 0.000000, 0.510000, 0.510000, 0.000000, 0.000000, 0.000000
80.5, 0.000000, 0.000000, 0.000000, 0.000000, 0.510000, 0.510000, 0.000000, 0.000000, 0.000000
80.6, 0.000000, 0.000000, 0.000000, 0.000000, 0.510000, 0.510000, 0.000000, 0.000000, 0.000000
80.7, 0.000000, 0.000000, 0.000000, 0.000000, 0.510000, 0.510000, 0.000000, 0.000000, 0.000000
80.8, 0.000000, 0.000000, 0.000000, 0.000000, 0.510000, 0.510000, 0.000000, 0.000000, 0.000000
80.9, 0.000000, 0.000000, 0.000000, 0.000000, 0.510000, 0.510000, 0.000000, 0.000000, 0.000000
81.0, 0.000000, 0.000000, 0.000000, 0.000000, 0.510000, 0.510000, 0.000000, 0.000000, 0.000000
81.1, 0.000000, 0.000000, 0.000000, 0.000000, 0.510000, 0.510000, 0.000000, 0.000000, 0.000000
81.2, 0.000000, 0.000000, 0.000000, 0.000000, 0.510000, 0.510000, 0.000000, 0.000000, 0.000000
81.3, 0.000000, 0.000000, 0.000000, 0.000000, 0.510000, 0.510000, 0.000000, 0.000000, 0.000000
81.4, 0.000000, 0.000000, 0.000000, 0.000000, 0.510000, 0.510000, 0.000000, 0.000000, 0.000000
81.5, 0.000000, 0.000000, 0.000000, 0.000000, 0.510000, 0.510000, 0.000000, 0.000000, 0.000000
81.6, 0.000000, 0.000000, 0.000000, 0.000000, 0.510000, 0.510000, 0.000000, 0.000000, 0.000000
81.7, 0.000000, 0.000000, 0.000000, 0.000000, 0.510000, 0.510000, 0.000000, 0.000000, 0.000000
81.8, 0.000000, 0.000000, 0.000000, 0.000000, 0.510000, 0.510000, 0.000000, 0.000000, 0.000000
81.9, 0.000000, 0.000000, 0.000000, 0.000000, 0.510000, 0.510000, 0.000000, 0.000000, 0.000000
82.0, 0.000000, 0.000000, 0.000000, 0.000000, 0.510000, 0.510000, 0.000000, 0.000000, 0.000000
82.1, 0.000000, 0.000000, 0.000000, 0.000000, 0.510000, 0.510000, 0.000000, 0.000000, 0.000000
82.2, 0.000000, 0.000000, 0.000000, 0.000000, 0.510000, 0.510000, 0.000000, 0.000000, 0.000000
82.3, 0.000000, 0.000000, 0.000000, 0.000000, 0.510000, 0.510000, 0.000000, 0.000000, 0.000000
82.4, 0.000000, 0.000000, 0.000000, 0.000000, 0.510000, 0.510000, 0.000000, 0.000000, 0.000000
82.5, 0.000000, 0.000000, 0.000000, 0.000000, 0.510000, 0.510000, 0.000000, 0.000000, 0.000000
82.6, 0.000000, 0.000000, 0.000000, 0.000000, 0.510000, 0.510000, 0.000000, 0.000000, 0.000000
82.7, 0.000000, 0.000000, 0.000000, 0.000000, 0.510000, 0.510000, 0.000000, 0.000000, 0.000000
82.8, 0.000000, 0.000000, 0.000000, 0.000000, 0.510000, 0.510000, 0.000000, 0.000000, 0.000000
82.9, 0.000000, 0.000000, 0.000000, 0.000000, 0.510000, 0.510000, 0.000000, 0.000000, 0.000000
83.0, 0.000000, 0.000000, 0.000000, 0.000000, 0.510000, 0.510000, 0.000000, 0.000000, 0.000000
83.1, 0.000000, 0.000000, 0.000000, 0.000000, 0.510000, 0.510000, 0.000000, 0.000000, 0.000000
83.2, 0.000000, 0.000000, 0.000000, 0.000000, 0.510000, 0.510000, 0.000000, 0.000000, 0.000000
83.3, 0.000000, 0.000000, 0.000000, 0.000000, 0.510000, 0.510000, 0.000000, 0.000000, 0.000000
83.4, 0.000000, 0.000000, 0.000000, 0.000000, 0.510000, 0.510000, 0.000000, 0.000000, 0.000000
83.5, 0.000000, 0.000000, 0.000000, 0.000000, 0.510000, 0.510000, 0.000000, 0.000000, 0.000000
83.6, 0.000000, 0.000000, 0.000000, 0.000000, 0.510000, 0.510000, 0.000000, 0.000000, 0.000000
83.7, 0.000000, 0.000000, 0.000000, 0.000000, 0.510000, 0.510000, 0.000000, 0.000000, 0.000000
83.8, 0.000000, 0.000000, 0.000000, 0.000000, 0.510000, 0.510000, 0.000000, 0.000000, 0.000000
83.9, 0.000000, 0.000000, 0.000000, 0.000000, 0.510000, 0.510000, 0.000000, 0.000000, 0.000000
84.0, 0.000000, 0.000000, 0.000000, 0.000000, 0.510000, 0.510000, 0.000000, 0.000000, 0.000000
84.1, 0.000000, 0.000000, 0.000000, 0.000000, 0.510000, 0.510000, 0.000000, 0.000000, 0.000000
84.2, 0.000000, 0.000000, 0.000000, 0.000000, 0.510000, 0.510000, 0.000000, 0.000000, 0.000000
84.3, 0.000000, 0.000000, 0.000000, 0.000000, 0.510000, 0.510000, 0.000000, 0.000000, 0.000000
84.4, 0.000000, 0.000000, 0.000000, 0.000000, 0.510000, 0.510000, 0.000000, 0.000000, 0.000000
84.5, 0.000000, 0.000000, 0.000000, 0.000000, 0.510000, 0.510000, 0.000000, 0.000000, 0.000000
84.6, 0.000000, 0.000000, 0.000000, 0.000000, 0.510000, 0.510000, 0.000000, 0.000000, 0.000000
84.7, 0.000000, 0.000000, 0.000000, 0.000000, 0.510000, 0.510000, 0.000000, 0.000000, 0.000000
84.8, 0.000000, 0.000000, 0.000000, 0.000000, 0.510000, 0.510000, 0.000000, 0.000000, 0.000000
84.9, 0.000000, 0.000000, 0.000000, 0.000000, 0.510000, 0.510000, 0.000000, 0.000000, 0.000000
85.0, 0.000000, 0.000000, 0.000000, 0.000000, 0.510000, 0.510000, 0.000000, 0.000000, 0.000000
85.1, 0.000000, 0.000000, 0.000000, 0.000000, 0.510000, 0.510000, 0.000000, 0.000000, 0.000000
85.2, 0.000000, 0.000000, 0.000000, 0.000000, 0.510000, 0.510000, 0.000000, 0.000000, 0.000000
85.3, 0.000000, 0.000000, 0.000000, 0.000000, 0.510000, 0.510000, 0.000000, 0.000000, 0.000000
85.4, 0.000000, 0.000000, 0.000000, 0.000000, 0.510000, 0.510000, 0.000000, 0.000000, 0.000000
85.5, 0.000000, 0.000000, 0.000000, 0.000000, 0.510000, 0.510000, 0.000000, 0.000000, 0.000000
85.6, 0.000000, 0.000000, 0.000000, 0.000000, 0.510000, 0.510000, 0.000000, 0.000000, 0.000000
85.7, 0.000000, 0.000000, 0.000000, 0.000000, 0.510000, 0.510000, 0.000000, 0.000000, 0.000000
85.8, 0.000000, 0.000000, 0.000000, 0.000000, 0.510000, 0.510000, 0.000000, 0.000000, 0.000000
85.9, 0.000000, 0.000000, 0.000000, 0.000000, 0.510000, 0.510000, 0.000000, 0.000000, 0.000000
86.0, 0.000000, 0.000000, 0.000000, 0.000000, 0.510000, 0.510000, 0.000000, 0.000000, 0.000000
86.1, 0.000000, 0.000000, 0.000000, 0.000000, 0.510000, 0.510000, 0.000000, 0.000000, 0.000000
86.2, 0.000000, 0.000000, 0.000000, 0.000000, 0.510000, 0.510000, 0.000000, 0.000000, 0.000000
86.3, 0.000000, 0.000000, 0.000000, 0.000000, 0.510000, 0.510000, 0.000000, 0.000000, 0.000000
86.4, 0.000000, 0.000000, 0.000000, 0.000000, 0.510000, 0.510000, 0.000000, 0.000000, 0.000000
86.5, 0.000000, 0.000000, 0.000000, 0.000000, 0.510000, 0.510000, 0.000000, 0.000000, 0.000000
86.6, 0.000000, 0.000000, 0.000000, 0.000000, 0.510000, 0.510000, 0.000000, 0.000000, 0.000000
86.7, 0.000000, 0.000000, 0.000000, 0.000000, 0.510000, 0.510000, 0.000000, 0.000000, 0.000000
86.8, 0.000000, 0.000000, 0.000000, 0.000000, 0.510000, 0.510000, 0.000000, 0.000000, 0.000000
86.9, 0.000000, 0.000000, 0.000000, 0.000000, 0.510000, 0.510000, 0.000000, 0.000000, 0.000000
87.0, 0.000000, 0.000000, 0.000000, 0.000000, 0.510000, 0.510000, 0.000000, 0.000000, 0.000000
87.1, 0.000000, 0.000000, 0.000000, 0.000000, 0.510000, 0.510000, 0.000000, 0.000000, 0.000000
87.2, 0.000000, 0.000000, 0.000000, 0.000000, 0.510000, 0.510000, 0.000000, 0.000000, 0.000000
87.3, 0.000000, 0.000000, 0.000000, 0.000000, 0.510000, 0.510000, 0.000000, 0.000000, 0.000000
87.4, 0.000000, 0.000000, 0.000000, 0.000000, 0.510000, 0.510000, 0.000000, 0.000000, 0.000000
87.5, 0.000000, 0.000000, 0.000000, 0.000000, 0.510000, 0.510000, 0.000000, 0.000000, 0.000000
87.6, 0.000000, 0.000000, 0.000000, 0.000000, 0.510000, 0.510000, 0.000000, 0.000000, 0.000000
87.7, 0.000000, 0.000000, 0.000000, 0.000000, 0.510000, 0.510000, 0.000000, 0.000000, 0.000000
87.8, 0.000000, 0.000000, 0.000000, 0.000000, 0.510000, 0.510000, 0.000000, 0.000000, 0.000000
87.9, 0.000000, 0.000000, 0.000000, 0.000000, 0.510000, 0.510000, 0.000000, 0.000000, 0.000000
88.0, 0.000000, 0.000000, 0.000000, 0.000000, 0.510000, 0.510000, 0.000000, 0.000000, 0.000000
88.1, 0.000000, 0.000000, 0.000000, 0.000000, 0.510000, 0.510000, 0.000000, 0.000000, 0.000000
88.2, 0.000000, 0.000000, 0.000000, 0.000000, 0.510000, 0.510000, 0.000000, 0.000000, 0.000000
88.3, 0.000000, 0.000000, 0.000000, 0.000000, 0.510000, 0.510000, 0.000000, 0.000000, 0.000000
88.4, 0.000000, 0.000000, 0.000000, 0.000000, 0.510000, 0.510000, 0.000000, 0.000000, 0.000000
88.5, 0.000000, 0.000000, 0.000000, 0.000000, 0.510000, 0.510000, 0.000000, 0.000000, 0.000000
88.6, 0.000000, 0.000000, 0.000000, 0.000000, 0.510000, 0.510000, 0.000000, 0.000000, 0.000000
88.7, 0.000000, 0.000000, 0.000000, 0.000000, 0.510000, 0.510000, 0.000000, 0.000000, 0.000000
88.8, 0.000000, 0.000000, 0.000000, 0.000000, 0.510000, 0.510000, 0.000000, 0.000000, 0.000000
88.9, 0.000000, 0.000000, 0.000000, 0.000000, 0.510000, 0.510000, 0.000000, 0.000000, 0.000000
89.0, 0.000000, 0.000000, 0.000000, 0.000000, 0.510000, 0.510000, 0.000000, 0.000000, 0.000000
89.1, 0.000000, 0.000000, 0.000000, 0.000000, 0.510000, 0.510000, 0.000000, 0.000000, 0.000000
89.2, 0.000000, 0.000000, 0.000000, 0.000000, 0.510000, 0.510000, 0.000000, 0.000000, 0.000000
89.3, 0.000000, 0.000000, 0.000000, 0.000000, 0.510000, 0.510000, 0.000000, 0.000000, 0.000000
89.4, 0.000000, 0.000000, 0.000000, 0.000000, 0.510000, 0.510000, 0.000000, 0.000000, 0.000000
89.5, 0.000000, 0.000000, 0.000000, 0.000000, 0.510000, 0.510000, 0.000000, 0.000000, 0.000000
89.6, 0.000000, 0.000000, 0.000000, 0.000000, 0.510000, 0.510000, 0.000000, 0.000000, 0.000000
89.7, 0.000000, 0.000000, 0.000000, 0.000000, 0.510000, 0.510000, 0.000000, 0.000000, 0.000000
89.8, 0.000000, 0.000000, 0.000000, 0.000000, 0.510000, 0.510000, 0.000000, 0.000000, 0.000000
89.9, 0.000000, 0.000000, 0.000000, 0.000000, 0.510000, 0.510000, 0.000000, 0.000000, 0.000000
90.0, 0.000000, 0.000000, 0.000000, 0.000000, 0.510000, 0.510000, 0.000000, 0.000000, 0.000000
90.1, 0.000000, 0.000000, 0.000000, 0.000000, 0.510000, 0.510000, 0.000000, 0.000000, 0.000000
90.2, 0.000000, 0.000000, 0.000000, 0.000000, 0.510000, 0.510000, 0.000000, 0.000000, 0.000000
90.3, 0.000000, 0.000000, 0.000000, 0.000000, 0.510000, 0.510000, 0.000000, 0.000000, 0.000000
90.4, 0.000000, 0.000000, 0.000000, 0.000000, 0.510000, 0.510000, 0.000000, 0.000000, 0.000000
90.5, 0.000000, 0.000000, 0.000000, 0.000000, 0.510000, 0.510000, 0.000000, 0.000000, 0.000000
90.6, 0.000000, 0.000000, 0.000000, 0.000000, 0.510000, 0.510000, 0.000000, 0.000000, 0.000000
90.7, 0.000000, 0.000000, 0.000000, 0.000000, 0.510000, 0.510000, 0.000000, 0.000000, 0.000000
90.8, 0.000000, 0.000000, 0.000000, 0.000000, 0.510000, 0.510000, 0.000000, 0.000000, 0.000000
90.9, 0.000000, 0.000000, 0.000000, 0.000000, 0.510000, 0.510000, 0.000000, 0.000000, 0.000000
91.0, 0.000000, 0.000000, 0.000000, 0.000000, 0.510000, 0.510000, 0.000000, 0.000000, 0.000000
91.1, 0.000000, 0.000000, 0.000000, 0.000000, 0.510000, 0.510000, 0.000000, 0.000000, 0.000000
91.2, 0.000000, 0.000000, 0.000000, 0.000000, 0.510000, 0.510000, 0.000000, 0.000000, 0.000000
91.3, 0.000000, 0.000000, 0.000000, 0.000000, 0.510000, 0.510000, 0.000000, 0.000000, 0.000000
91.4, 0.000000, 0.000000, 0.000000, 0.000000, 0.510000, 0.510000, 0.000000, 0.000000, 0.000000
91.5, 0.000000, 0.000000, 0.000000, 0.000000, 0.510000, 0.510000, 0.000000, 0.000000, 0.000000
91.6, 0.000000, 0.000000, 0.000000, 0.000000, 0.510000, 0.510000, 0.000000, 0.000000, 0.000000
91.7, 0.000000, 0.000000, 0.000000, 0.000000, 0.510000, 0.510000, 0.000000, 0.000000, 0.000000
91.8, 0.000000, 0.000000, 0.000000, 0.000000, 0.510000, 0.510000, 0.000000, 0.000000, 0.000000
91.9, 0.000000, 0.000000, 0.000000, 0.000000, 0.510000, 0.510000, 0.000000, 0.000000, 0.000000
92.0, 0.000000, 0.000000, 0.000000, 0.000000, 0.510000, 0.510000, 0.000000, 0.000000, 0.000000
92.1, 0.000000, 0.000000, 0.000000, 0.000000, 0.510000, 0.510000, 0.000000, 0.000000, 0.000000
92.2, 0.000000, 0.000000, 0.000000, 0.000000, 0.510000, 0.510000, 0.000000, 0.000000, 0.000000
92.3, 0.000000, 0.000000, 0.000000, 0.000000, 0.510000, 0.510000, 0.000000, 0.000000, 0.000000
92.4, 0.000000, 0.000000, 0.000000, 0.000000, 0.510000, 0.510000, 0.000000, 0.000000, 0.000000
92.5, 0.000000, 0.000000, 0.000000, 0.000000, 0.510000, 0.510000, 0.000000, 0.000000, 0.000000
92.6, 0.000000, 0.000000, 0.000000, 0.000000, 0.510000, 0.510000, 0.000000, 0.000000, 0.000000
92.7, 0.000000, 0.000000, 0.000000, 0.000000, 0.510000, 0.510000, 0.000000, 0.000000, 0.000000
92.8, 0.000000, 0.000000, 0.000000, 0.000000, 0.510000, 0.510000, 0.000000, 0.000000, 0.000000
92.9, 0.000000, 0.000000, 0.000000, 0.000000, 0.510000, 0.510000, 0.000000, 0.000000, 0.000000
93.0, 0.000000, 0.000000, 0.000000, 0.000000, 0.510000, 0.510000, 0.000000, 0.000000, 0.000000
93.1, 0.000000, 0.000000, 0.000000, 0.000000, 0.510000, 0.510000, 0.000000, 0.000000, 0.000000
93.2, 0.000000, 0.000000, 0.000000, 0.000000, 0.510000, 0.510000, 0.000000, 0.000000, 0.000000
93.3, 0.000000, 0.000000, 0.000000, 0.000000, 0.510000, 0.510000, 0.000000, 0.000000, 0.000000
93.4, 0.000000, 0.000000, 0.000000, 0.000000, 0.510000, 0.510000, 0.000000, 0.000000, 0.000000
93.5, 0.000000, 0.000000, 0.000000, 0.000000, 0.510000, 0.510000, 0.000000, 0.000000, 0.000000
93.6, 0.000000, 0.000000, 0.000000, 0.000000, 0.510000, 0.510000, 0.000000, 0.000000, 0.000000
93.7, 0.000000, 0.000000, 0.000000, 0.000000, 0.510000, 0.510000, 0.000000, 0.000000, 0.000000
93.8, 0.000000, 0.000000, 0.000000, 0.000000, 0.510000, 0.510000, 0.000000, 0.000000, 0.000000
93.9, 0.000000, 0.000000, 0.000000, 0.000000, 0.510000, 0.510000, 0.000000, 0.000000, 0.000000
94.0, 0.000000, 0.000000, 0.000000, 0.000000, 0.510000, 0.510000, 0.000000, 0.000000, 0.000000
94.1, 0.000000, 0.000000, 0.000000, 0.000000, 0.510000, 0.510000, 0.000000, 0.000000, 0.000000
94.2, 0.000000, 0.000000, 0.000000, 0.000000, 0.510000, 0.510000, 0.000000, 0.000000, 0.000000
94.3, 0.000000, 0.000000, 0.000000, 0.000000, 0.510000, 0.510000, 0.000000, 0.000000, 0.000000
94.4, 0.000000, 0.000000, 0.000000, 0.000000, 0.510000, 0.510000, 0.000000, 0.000000, 0.000000
94.5, 0.000000, 0.000000, 0.000000, 0.000000, 0.510000, 0.510000, 0.000000, 0.000000, 0.000000
94.6, 0.000000, 0.000000, 0.000000, 0.000000, 0.510000, 0.510000, 0.000000, 0.000000, 0.000000
94.7, 0.000000, 0.000000, 0.000000, 0.000000, 0.510000, 0.510000, 0.000000, 0.000000, 0.000000
94.8, 0.000000, 0.000000, 0.000000, 0.000000, 0.510000, 0.510000, 0.000000, 0.000000, 0.000000
94.9, 0.000000, 0.000000, 0.000000, 0.000000, 0.510000, 0.510000, 0.000000, 0.000000, 0.000000
95.0, 0.000000, 0.000000, 0.000000, 0.000000, 0.510000, 0.510000, 0.000000, 0.000000, 0.000000
95.1, 0.000000, 0.000000, 0.000000, 0.000000, 0.510000, 0.510000, 0.000000, 0.000000, 0.000000
95.2, 0.000000, 0.000000, 0.000000, 0.000000, 0.510000, 0.510000, 0.000000, 0.000000, 0.000000
95.3, 0.000000, 0.000000, 0.000000, 0.000000, 0.510000, 0.510000, 0.000000, 0.000000, 0.000000
95.4, 0.000000, 0.000000, 0.000000, 0.000000, 0.510000, 0.510000, 0.000000, 0.000000, 0.000000
95.5, 0.000000, 0.000000, 0.000000, 0.000000, 0.510000, 0.510000, 0.000000, 0.000000, 0.000000
95.6, 0.000000, 0.000000, 0.000000, 0.000000, 0.510000, 0.510000, 0.000000, 0.000000, 0.000000
95.7, 0.000000, 0.000000, 0.000000, 0.000000, 0.510000, 0.510000, 0.000000, 0.000000, 0.000000
95.8, 0.000000, 0.000000, 0.000000, 0.000000, 0.510000, 0.510000, 0.000000, 0.000000, 0.000000
95.9, 0.000000, 0.000000, 0.000000, 0.000000, 0.510000, 0.510000, 0.000000, 0.000000, 0.000000
96.0, 0.000000, 0.000000, 0.000000, 0.000000, 0.510000, 0.510000, 0.000000, 0.000000, 0.000000
96.1, 0.000000, 0.000000, 0.000000, 0.000000, 0.510000, 0.510000, 0.000000, 0.000000, 0.000000
96.2, 0.000000, 0.000000, 0.000000, 0.000000, 0.510000, 0.510000, 0.000000, 0.000000, 0.000000
96.3, 0.000000, 0.000000, 0.000000, 0.000000, 0.510000, 0.510000, 0.000000, 0.000000, 0.000000
96.4, 0.000000, 0.000000, 0.000000, 0.000000, 0.510000, 0.510000, 0.000000, 0.000000, 0.000000
96.5, 0.000000, 0.000000, 0.000000, 0.000000, 0.510000, 0.510000, 0.000000, 0.000000, 0.000000
96.6, 0.000000, 0.000000, 0.000000, 0.000000, 0.510000, 0.510000, 0.000000, 0.000000, 0.000000
96.7, 0.000000, 0.000000, 0.000000, 0.000000, 0.510000, 0.510000, 0.000000, 0.000000, 0.000000
96.8, 0.000000, 0.000000, 0.000000, 0.000000, 0.510000, 0.510000, 0.000000, 0.000000, 0.000000
96.9, 0.000000, 0.000000, 0.000000, 0.000000, 0.510000, 0.510000, 0.000000, 0.000000, 0.000000
97.0, 0.000000, 0.000000, 0.000000, 0.000000, 0.510000, 0.510000, 0.000000, 0.000000, 0.000000
97.1, 0.000000, 0.000000, 0.000000, 0.000000, 0.510000, 0.510000, 0.000000, 0.000000, 0.000000
97.2, 0.000000, 0.000000, 0.000000, 0.000000, 0.510000, 0.510000, 0.000000, 0.000000, 0.000000
97.3, 0.000000, 0.000000, 0.000000, 0.000000, 0.510000, 0.510000, 0.000000, 0.000000, 0.000000
97.4, 0.000000, 0.000000, 0.000000, 0.000000, 0.510000, 0.510000, 0.000000, 0.000000, 0.000000
97.5, 0.000000, 0.000000, 0.000000, 0.000000, 0.510000, 0.510000, 0.000000, 0.000000, 0.000000
97.6, 0.000000, 0.000000, 0.000000, 0.000000, 0.510000, 0.510000, 0.000000, 0.000000, 0.000000
97.7, 0.000000, 0.000000, 0.000000, 0.000000, 0.510000, 0.510000, 0.000000, 0.000000, 0.000000
97.8, 0.000000, 0.000000, 0.000000, 0.000000, 0.510000, 0.510000, 0.000000, 0.000000, 0.000000
97.9, 0.000000, 0.000000, 0.000000, 0.000000, 0.510000, 0.510000, 0.000000, 0.000000, 0.000000
98.0, 0.000000, 0.000000, 0.000000, 0.000000, 0.510000, 0.510000, 0.000000, 0.000000, 0.000000
98.1, 0.000000, 0.000000, 0.000000, 0.000000, 0.510000, 0.510000, 0.000000, 0.000000, 0.000000
98.2, 0.000000, 0.000000, 0.000000, 0.000000, 0.510000, 0.510000, 0.000000, 0.000000, 0.000000
98.3, 0.000000, 0.000000, 0.000000, 0.000000, 0.510000, 0.510000, 0.000000, 0.000000, 0.000000
98.4, 0.000000, 0.000000, 0.000000, 0.000000, 0.510000, 0.510000, 0.000000, 0.000000, 0.000000
98.5, 0.000000, 0.000000, 0.000000, 0.000000, 0.510000, 0.510000, 0.000000, 0.000000, 0.000000
98.6, 0.000000, 0.000000, 0.000000, 0.000000, 0.510000, 0.510000, 0.000000, 0.000000, 0.000000
98.7, 0.000000, 0.000000, 0.000000, 0.000000, 0.510000, 0.510000, 0.000000, 0.000000, 0.000000
98.8, 0.000000, 0.000000, 0.000000, 0.000000, 0.510000, 0.510000, 0.000000, 0.000000, 0.000000
98.9, 0.000000, 0.000000, 0.000000, 0.000000, 0.510000, 0.510000, 0.000000, 0.000000, 0.000000
99.0, 0.000000, 0.000000, 0.000000, 0.000000, 0.510000, 0.510000, 0.000000, 0.000000, 0.000000
99.1, 0.000000, 0.000000, 0.000000, 0.000000, 0.510000, 0.510000, 0.000000, 0.000000, 0.000000
99.2, 0.000000, 0.000000, 0.000000, 0.000000, 0.510000, 0.510000, 0.000000, 0.000000, 0.000000
99.3, 0.000000, 0.000000, 0.000000, 0.000000, 0.510000, 0.510000, 0.000000, 0.000000, 0.000000
99.4, 0.000000, 0.000000, 0.000000, 0.000000, 0.510000, 0.510000, 0.000000, 0.000000, 0.000000
99.5, 0.000000, 0.000000, 0.000000, 0.000000, 0.510000, 0.510000, 0.000000, 0.000000, 0.000000
99.6, 0.000000, 0.000000, 0.000000, 0.000000, 0.510000, 0.510000, 0.000000, 0.000000, 0.000000
99.7, 0.000000, 0.000000, 0.000000, 0.000000, 0.510000, 0.510000, 0.000000, 0.000000, 0.000000
99.8, 0.000000, 0.000000, 0.000000, 0.000000, 0.510000, 0.510000, 0.000000, 0.000000, 0.000000
99.9, 0.000000, 0.000000, 0.000000, 0.000000, 0.510000, 0.510000, 0.000000, 0.000000, 0.000000
100.0, 0.000000, 0.000000, 0.000000, 0.000000, 0.510000, 0.510000, 0.000000, 0.000000, 0.000000
